,Wolves,Sheep,Grass
0,10,50,205
1,11,52,195
2,14,53,178
3,20,54,163
4,25,57,157
5,29,52,153
6,33,51,145
7,38,50,144
8,48,48,141
9,50,40,136
10,49,37,130
11,49,40,127
12,58,38,129
13,57,35,125
14,60,28,119
15,65,26,122
16,55,21,124
17,57,17,123
18,67,15,123
19,73,15,130
20,70,16,131
21,77,13,130
22,67,12,134
23,60,12,137
24,48,13,142
25,43,11,143
26,41,11,151
27,34,12,154
28,28,13,153
29,19,11,153
30,19,10,159
31,18,9,177
32,18,9,203
33,14,9,222
34,14,8,230
35,11,7,240
36,9,8,238
37,10,8,258
38,11,7,255
39,13,7,278
40,6,7,289
41,7,7,295
42,1,7,294
43,2,6,299
44,0,6,316
45,0,6,313
46,0,6,316
47,0,6,329
48,0,6,332
49,0,6,331
50,0,6,337
51,0,5,335
52,0,5,337
53,0,5,340
54,0,6,339
55,0,6,336
56,0,6,340
57,0,6,342
58,0,6,340
59,0,7,341
60,0,7,338
61,0,7,338
62,0,8,334
63,0,8,330
64,0,8,327
65,0,9,325
66,0,10,325
67,0,11,321
68,0,11,316
69,0,12,312
70,0,12,311
71,0,12,309
72,0,12,302
73,0,12,302
74,0,12,301
75,0,12,299
76,0,13,295
77,0,14,291
78,0,14,288
79,0,14,284
80,0,14,281
81,0,13,281
82,0,13,276
83,0,13,274
84,0,13,273
85,0,13,265
86,0,14,266
87,0,14,263
88,0,16,257
89,0,18,255
90,0,18,249
91,0,19,246
92,0,20,237
93,0,20,235
94,0,22,233
95,0,24,232
96,0,26,225
97,0,27,226
98,0,30,219
99,0,29,213
100,0,28,213
101,0,30,215
102,0,30,214
103,0,31,204
104,0,32,192
105,0,33,189
106,0,33,179
107,0,34,172
108,0,36,172
109,0,36,170
110,0,36,166
111,0,35,161
112,0,34,157
113,0,35,155
114,0,36,159
115,0,33,150
116,0,34,152
117,0,36,151
118,0,33,156
119,0,31,152
120,0,27,162
121,0,27,162
122,0,26,156
123,0,29,159
124,0,30,156
125,0,30,166
126,0,30,166
127,0,29,158
128,0,28,163
129,0,26,173
130,0,28,174
131,0,31,166
132,0,31,177
133,0,33,180
134,0,31,172
135,0,31,187
136,0,32,178
137,0,31,190
138,0,28,191
139,0,30,183
140,0,31,189
141,0,30,183
142,0,33,187
143,0,34,179
144,0,34,181
145,0,34,174
146,0,37,176
147,0,37,180
148,0,37,177
149,0,38,167
150,0,39,171
151,0,37,157
152,0,36,156
153,0,37,147
154,0,40,149
155,0,40,153
156,0,39,150
157,0,39,143
158,0,37,144
159,0,36,142
160,0,37,144
161,0,35,152
162,0,33,145
163,0,32,154
164,0,34,143
165,0,31,149
166,0,31,149
167,0,30,144
168,0,31,155
169,0,32,156
170,0,33,152
171,0,34,165
172,0,32,162
173,0,31,155
174,0,31,154
175,0,30,164
176,0,31,159
177,0,31,160
178,0,32,161
179,0,30,148
180,0,29,154
181,0,28,161
182,0,28,169
183,0,30,174
184,0,30,167
185,0,33,164
186,0,36,161
187,0,38,165
188,0,37,154
189,0,39,160
190,0,38,155
191,0,39,151
192,0,39,146
193,0,39,136
194,0,40,150
195,0,40,142
196,0,40,145
197,0,39,145
198,0,38,138
199,0,37,138
200,0,35,144
201,0,36,138
202,0,36,143
203,0,33,136
204,0,33,144
205,0,34,149
206,0,30,153
207,0,32,156
208,0,27,157
209,0,24,162
210,0,22,168
211,0,23,162
212,0,24,164
213,0,25,164
214,0,26,171
215,0,27,165
216,0,28,167
217,0,27,174
218,0,27,166
219,0,29,177
220,0,29,167
221,0,28,180
222,0,29,183
223,0,31,186
224,0,29,186
225,0,28,179
226,0,24,179
227,0,25,171
228,0,26,170
229,0,26,182
230,0,26,182
231,0,26,174
232,0,24,181
233,0,23,183
234,0,22,176
235,0,22,184
236,0,22,178
237,0,24,183
238,0,24,177
239,0,25,184
240,0,25,179
241,0,24,177
242,0,24,173
243,0,26,169
244,0,26,163
245,0,25,162
246,0,27,173
247,0,29,169
248,0,28,175
249,0,28,167
250,0,28,161
251,0,29,169
252,0,31,169
253,0,33,166
254,0,31,162
255,0,33,166
256,0,30,160
257,0,31,164
258,0,32,165
259,0,34,164
260,0,34,161
261,0,32,159
262,0,34,159
263,0,35,154
264,0,37,150
265,0,38,153
266,0,35,144
267,0,35,148
268,0,32,147
269,0,32,150
270,0,31,138
271,0,30,152
272,0,33,141
273,0,33,136
274,0,33,153
275,0,32,157
276,0,31,151
277,0,35,151
278,0,34,146
279,0,34,150
280,0,33,140
281,0,32,157
282,0,34,148
283,0,36,150
284,0,35,158
285,0,36,153
286,0,36,165
287,0,35,165
288,0,35,154
289,0,36,158
290,0,37,155
291,0,36,143
292,0,37,150
293,0,38,148
294,0,37,145
295,0,39,139
296,0,41,149
297,0,43,139
298,0,38,151
299,0,39,147
300,0,40,142
301,0,39,152
302,0,38,153
303,0,35,157
304,0,32,147
305,0,32,141
306,0,33,134
307,0,32,142
308,0,31,136
309,0,30,147
310,0,29,141
311,0,29,152
312,0,30,156
313,0,31,156
314,0,32,157
315,0,30,153
316,0,30,144
317,0,33,151
318,0,32,154
319,0,31,143
320,0,33,159
321,0,34,162
322,0,34,158
323,0,32,154
324,0,32,143
325,0,34,147
326,0,33,144
327,0,34,140
328,0,35,148
329,0,36,149
330,0,36,143
331,0,38,139
332,0,39,146
333,0,38,142
334,0,40,130
335,0,39,134
336,0,44,145
337,0,46,138
338,0,47,127
339,0,45,124
340,0,45,131
341,0,44,120
342,0,42,116
343,0,40,123
344,0,39,116
345,0,41,127
346,0,42,121
347,0,39,120
348,0,37,124
349,0,37,125
350,0,40,127
351,0,38,127
352,0,40,116
353,0,39,119
354,0,37,126
355,0,36,130
356,0,37,133
357,0,38,132
358,0,39,128
359,0,40,123
360,0,37,123
361,0,38,137
362,0,38,127
363,0,38,127
364,0,36,129
365,0,33,123
366,0,35,131
367,0,36,124
368,0,35,142
369,0,33,147
370,0,32,138
371,0,35,152
372,0,33,154
373,0,34,141
374,0,34,144
375,0,34,149
376,0,33,139
377,0,32,148
378,0,30,142
379,0,33,157
380,0,31,151
381,0,30,150
382,0,33,161
383,0,35,156
384,0,35,155
385,0,34,144
386,0,33,144
387,0,34,152
388,0,34,155
389,0,31,158
390,0,30,158
391,0,26,164
392,0,28,156
393,0,27,163
394,0,26,168
395,0,28,180
396,0,27,185
397,0,27,182
398,0,29,173
399,0,28,173
400,0,28,172
401,0,32,180
402,0,31,180
403,0,31,181
404,0,33,171
405,0,34,159
406,0,36,159
407,0,38,155
408,0,38,159
409,0,38,150
410,0,40,154
411,0,41,147
412,0,43,147
413,0,42,138
414,0,39,136
415,0,38,158
416,0,35,153
417,0,35,144
418,0,35,153
419,0,36,154
420,0,34,144
421,0,35,140
422,0,35,141
423,0,36,141
424,0,37,143
425,0,33,138
426,0,33,136
427,0,30,143
428,0,30,148
429,0,32,148
430,0,33,144
431,0,34,141
432,0,35,138
433,0,37,134
434,0,35,150
435,0,33,142
436,0,34,148
437,0,35,160
438,0,33,153
439,0,35,168
440,0,38,171
441,0,36,176
442,0,37,173
443,0,38,162
444,0,38,164
445,0,40,166
446,0,37,150
447,0,34,152
448,0,36,159
449,0,33,152
450,0,35,149
451,0,33,156
452,0,35,153
453,0,36,145
454,0,38,144
455,0,38,152
456,0,40,143
457,0,41,143
458,0,37,133
459,0,36,124
460,0,35,133
461,0,36,134
462,0,35,128
463,0,34,129
464,0,36,135
465,0,36,133
466,0,36,126
467,0,37,131
468,0,36,127
469,0,38,122
470,0,38,120
471,0,40,122
472,0,40,129
473,0,35,123
474,0,35,136
475,0,32,138
476,0,34,129
477,0,27,136
478,0,28,147
479,0,27,147
480,0,24,142
481,0,28,157
482,0,28,150
483,0,31,156
484,0,32,145
485,0,32,155
486,0,33,157
487,0,34,159
488,0,34,161
489,0,34,150
490,0,36,157
491,0,37,148
492,0,38,148
493,0,40,154
494,0,40,151
495,0,39,144
496,0,38,141
497,0,38,146
498,0,38,148
499,0,39,138
500,0,39,134
501,0,38,137
502,0,37,145
503,0,35,137
504,0,36,137
505,0,36,135
506,0,34,133
507,0,33,135
508,0,34,144
509,0,34,138
510,0,33,136
511,0,33,139
512,0,34,137
513,0,35,130
514,0,32,128
515,0,31,137
516,0,32,131
517,0,32,124
518,0,33,131
519,0,37,126
520,0,35,137
521,0,34,139
522,0,34,133
523,0,33,146
524,0,32,138
525,0,30,149
526,0,32,153
527,0,31,154
528,0,33,156
529,0,35,153
530,0,37,141
531,0,38,151
532,0,39,142
533,0,39,146
534,0,42,147
535,0,35,147
536,0,34,142
537,0,36,145
538,0,38,141
539,0,37,147
540,0,34,137
541,0,34,135
542,0,30,134
543,0,29,145
544,0,29,152
545,0,29,146
546,0,29,151
547,0,27,158
548,0,27,160
549,0,27,165
550,0,24,170
551,0,24,165
552,0,25,154
553,0,25,163
554,0,26,164
555,0,27,156
556,0,27,164
557,0,27,157
558,0,27,170
559,0,27,167
560,0,25,184
561,0,25,176
562,0,24,188
563,0,25,187
564,0,24,179
565,0,24,183
566,0,25,182
567,0,25,178
568,0,24,179
569,0,26,183
570,0,27,195
571,0,29,184
572,0,31,198
573,0,33,193
574,0,33,192
575,0,37,189
576,0,38,179
577,0,38,171
578,0,40,174
579,0,40,165
580,0,37,161
581,0,37,172
582,0,37,172
583,0,36,165
584,0,36,154
585,0,36,153
586,0,39,151
587,0,38,141
588,0,38,145
589,0,41,140
590,0,41,133
591,0,42,138
592,0,40,130
593,0,40,118
594,0,44,118
595,0,46,115
596,0,48,117
597,0,45,102
598,0,48,102
599,0,45,103
600,0,42,101
601,0,36,101
602,0,38,95
603,0,38,107
604,0,40,101
605,0,38,110
606,0,37,104
607,0,36,107
608,0,37,112
609,0,37,110
610,0,36,111
611,0,33,117
612,0,32,133
613,0,32,128
614,0,28,142
615,0,27,145
616,0,27,138
617,0,26,160
618,0,28,154
619,0,27,158
620,0,29,160
621,0,28,170
622,0,30,162
623,0,29,165
624,0,29,182
625,0,28,185
626,0,29,187
627,0,28,192
628,0,29,180
629,0,27,179
630,0,27,181
631,0,27,172
632,0,27,178
633,0,27,173
634,0,27,169
635,0,26,171
636,0,26,168
637,0,27,168
638,0,29,170
639,0,34,172
640,0,34,171
641,0,35,161
642,0,35,157
643,0,34,153
644,0,33,145
645,0,32,143
646,0,32,142
647,0,35,147
648,0,32,141
649,0,33,146
650,0,36,138
651,0,36,137
652,0,36,139
653,0,35,133
654,0,36,136
655,0,38,133
656,0,37,133
657,0,38,138
658,0,39,142
659,0,42,132
660,0,40,132
661,0,42,142
662,0,42,134
663,0,39,122
664,0,41,125
665,0,41,134
666,0,43,127
667,0,44,132
668,0,45,131
669,0,46,133
670,0,50,126
671,0,45,125
672,0,42,130
673,0,38,138
674,0,38,141
675,0,36,131
676,0,36,133
677,0,38,130
678,0,40,120
679,0,39,120
680,0,37,111
681,0,37,117
682,0,38,107
683,0,36,115
684,0,38,117
685,0,39,112
686,0,36,111
687,0,36,115
688,0,34,108
689,0,36,117
690,0,39,108
691,0,40,120
692,0,41,110
693,0,39,115
694,0,39,123
695,0,38,139
696,0,36,130
697,0,36,132
698,0,34,122
699,0,35,125
700,0,36,138
701,0,37,129
702,0,34,133
703,0,35,135
704,0,37,137
705,0,38,140
706,0,33,132
707,0,31,148
708,0,29,148
709,0,26,143
710,0,27,156
711,0,28,156
712,0,32,150
713,0,31,157
714,0,31,154
715,0,31,147
716,0,30,157
717,0,30,171
718,0,28,170
719,0,29,189
720,0,25,193
721,0,24,193
722,0,25,185
723,0,25,184
724,0,22,189
725,0,20,186
726,0,18,178
727,0,19,183
728,0,18,185
729,0,18,188
730,0,18,195
731,0,19,198
732,0,19,188
733,0,21,191
734,0,22,197
735,0,23,195
736,0,23,198
737,0,22,199
738,0,23,193
739,0,24,206
740,0,24,198
741,0,25,199
742,0,26,202
743,0,26,193
744,0,27,197
745,0,28,198
746,0,28,185
747,0,31,181
748,0,31,172
749,0,30,167
750,0,31,161
751,0,34,154
752,0,35,162
753,0,35,149
754,0,37,152
755,0,38,144
756,0,37,149
757,0,38,139
758,0,35,129
759,0,37,139
760,0,37,135
761,0,39,128
762,0,41,137
763,0,42,130
764,0,41,143
765,0,37,142
766,0,38,129
767,0,34,126
768,0,37,129
769,0,41,119
770,0,44,112
771,0,41,116
772,0,45,115
773,0,42,132
774,0,40,127
775,0,39,119
776,0,38,122
777,0,40,124
778,0,42,131
779,0,41,130
780,0,39,131
781,0,39,138
782,0,37,134
783,0,39,136
784,0,39,146
785,0,40,157
786,0,39,150
787,0,36,147
788,0,36,161
789,0,35,158
790,0,39,160
791,0,36,152
792,0,32,155
793,0,33,159
794,0,31,161
795,0,30,162
796,0,30,165
797,0,32,175
798,0,34,183
799,0,31,175
800,0,28,181
801,0,27,175
802,0,27,182
803,0,27,180
804,0,25,173
805,0,22,174
806,0,21,179
807,0,21,194
808,0,20,192
809,0,21,192
810,0,22,188
811,0,24,184
812,0,24,187
813,0,24,184
814,0,25,178
815,0,23,186
816,0,24,179
817,0,27,192
818,0,27,183
819,0,32,188
820,0,31,190
821,0,32,191
822,0,33,185
823,0,32,177
824,0,34,169
825,0,35,160
826,0,38,155
827,0,36,153
828,0,37,151
829,0,37,139
830,0,37,139
831,0,36,151
832,0,36,146
833,0,33,137
834,0,34,137
835,0,35,146
836,0,35,139
837,0,35,141
838,0,34,139
839,0,33,129
840,0,36,142
841,0,35,136
842,0,34,145
843,0,34,136
844,0,36,138
845,0,36,137
846,0,38,136
847,0,34,136
848,0,33,144
849,0,31,149
850,0,31,142
851,0,36,144
852,0,34,129
853,0,30,131
854,0,29,146
855,0,29,151
856,0,30,150
857,0,29,141
858,0,31,139
859,0,30,141
860,0,30,148
861,0,28,154
862,0,31,154
863,0,30,148
864,0,32,153
865,0,33,152
866,0,34,147
867,0,32,147
868,0,31,157
869,0,31,153
870,0,31,161
871,0,30,158
872,0,30,154
873,0,30,164
874,0,30,156
875,0,27,161
876,0,26,164
877,0,25,157
878,0,24,164
879,0,26,165
880,0,27,164
881,0,27,164
882,0,29,157
883,0,29,169
884,0,30,162
885,0,31,147
886,0,31,157
887,0,31,160
888,0,36,162
889,0,36,160
890,0,36,149
891,0,38,152
892,0,40,152
893,0,41,150
894,0,40,149
895,0,37,148
896,0,37,143
897,0,37,142
898,0,37,144
899,0,36,143
900,0,36,135
901,0,37,150
902,0,37,142
903,0,36,140
904,0,36,141
905,0,38,153
906,0,37,147
907,0,40,137
908,0,38,136
909,0,41,137
910,0,42,143
911,0,38,136
912,0,36,135
913,0,38,137
914,0,37,143
915,0,38,138
916,0,38,147
917,0,37,156
918,0,38,156
919,0,36,149
920,0,36,154
921,0,35,167
922,0,34,157
923,0,37,163
924,0,38,154
925,0,36,147
926,0,34,152
927,0,32,142
928,0,34,149
929,0,32,153
930,0,33,142
931,0,32,145
932,0,31,147
933,0,33,142
934,0,34,146
935,0,33,138
936,0,33,152
937,0,34,156
938,0,30,155
939,0,30,149
940,0,31,141
941,0,34,147
942,0,37,147
943,0,35,146
944,0,36,138
945,0,35,146
946,0,35,139
947,0,37,143
948,0,35,135
949,0,35,145
950,0,32,146
951,0,30,148
952,0,31,152
953,0,31,160
954,0,31,169
955,0,33,160
956,0,32,165
957,0,32,156
958,0,33,156
959,0,30,155
960,0,27,169
961,0,27,165
962,0,28,170
963,0,26,164
964,0,25,165
965,0,25,169
966,0,26,167
967,0,27,166
968,0,27,172
969,0,27,181
970,0,27,180
971,0,26,192
972,0,26,187
973,0,24,194
974,0,24,185
975,0,23,187
976,0,25,196
977,0,26,196
978,0,25,198
979,0,25,196
980,0,27,194
981,0,27,197
982,0,25,190
983,0,25,197
984,0,26,193
985,0,26,187
986,0,28,184
987,0,28,188
988,0,27,188
989,0,28,190
990,0,26,188
991,0,25,186
992,0,25,192
993,0,27,193
994,0,27,190
995,0,28,198
996,0,28,189
997,0,29,191
998,0,30,185
999,0,30,175
1000,0,30,170
1001,0,30,170
