,Wolves,Sheep,Grass
0,10,50,200
1,13,51,185
2,15,52,178
3,20,54,167
4,22,57,153
5,25,59,145
6,29,54,143
7,35,52,137
8,37,48,128
9,41,43,127
10,45,42,127
11,52,40,126
12,56,36,127
13,58,25,123
14,61,21,123
15,58,21,123
16,64,22,122
17,70,21,121
18,71,21,119
19,71,20,117
20,80,16,121
21,86,16,121
22,96,15,133
23,83,14,134
24,63,13,143
25,41,13,147
26,33,13,154
27,31,13,159
28,32,13,163
29,23,14,163
30,14,11,169
31,14,10,167
32,16,10,204
33,18,9,201
34,20,9,234
35,15,8,232
36,10,7,250
37,11,7,247
38,11,8,268
39,3,8,265
40,1,8,267
41,2,8,281
42,2,8,286
43,2,8,290
44,2,8,292
45,2,8,289
46,2,9,292
47,3,9,302
48,2,9,309
49,0,9,310
50,0,9,308
51,0,9,307
52,0,9,303
53,0,10,304
54,0,10,299
55,0,11,300
56,0,11,298
57,0,13,292
58,0,13,290
59,0,15,286
60,0,17,279
61,0,21,275
62,0,22,268
63,0,20,264
64,0,20,264
65,0,20,260
66,0,22,256
67,0,23,254
68,0,25,255
69,0,26,254
70,0,28,250
71,0,25,242
72,0,26,239
73,0,26,235
74,0,27,229
75,0,27,224
76,0,27,218
77,0,25,214
78,0,25,218
79,0,25,216
80,0,22,216
81,0,21,206
82,0,23,203
83,0,22,205
84,0,22,207
85,0,23,207
86,0,21,208
87,0,18,206
88,0,19,198
89,0,20,206
90,0,19,201
91,0,19,206
92,0,19,206
93,0,19,215
94,0,19,208
95,0,19,215
96,0,19,216
97,0,19,208
98,0,19,213
99,0,20,212
100,0,22,206
101,0,23,215
102,0,23,212
103,0,26,207
104,0,25,199
105,0,24,206
106,0,26,205
107,0,28,200
108,0,30,194
109,0,31,187
110,0,31,189
111,0,31,190
112,0,29,191
113,0,31,185
114,0,31,185
115,0,33,181
116,0,29,181
117,0,28,176
118,0,29,185
119,0,28,180
120,0,30,180
121,0,32,177
122,0,35,173
123,0,36,179
124,0,31,171
125,0,30,170
126,0,35,167
127,0,37,161
128,0,36,159
129,0,36,160
130,0,37,150
131,0,39,153
132,0,36,152
133,0,37,141
134,0,38,154
135,0,38,150
136,0,40,162
137,0,37,152
138,0,37,155
139,0,34,157
140,0,32,167
141,0,32,159
142,0,35,160
143,0,36,154
144,0,35,151
145,0,36,151
146,0,33,144
147,0,34,149
148,0,36,149
149,0,34,140
150,0,36,152
151,0,35,143
152,0,34,147
153,0,37,148
154,0,37,139
155,0,37,142
156,0,36,141
157,0,40,132
158,0,36,129
159,0,38,142
160,0,36,133
161,0,36,133
162,0,35,137
163,0,35,141
164,0,38,146
165,0,39,138
166,0,38,140
167,0,39,129
168,0,39,138
169,0,40,139
170,0,38,134
171,0,36,132
172,0,34,120
173,0,34,132
174,0,33,132
175,0,33,125
176,0,35,137
177,0,35,127
178,0,38,121
179,0,42,120
180,0,44,115
181,0,46,118
182,0,42,110
183,0,43,115
184,0,44,116
185,0,44,114
186,0,45,107
187,0,43,114
188,0,43,129
189,0,40,122
190,0,39,122
191,0,40,117
192,0,37,129
193,0,37,124
194,0,35,116
195,0,32,116
196,0,34,117
197,0,35,128
198,0,34,119
199,0,36,129
200,0,34,124
201,0,34,122
202,0,32,120
203,0,31,131
204,0,31,139
205,0,32,140
206,0,29,143
207,0,27,153
208,0,29,158
209,0,29,152
210,0,29,161
211,0,28,158
212,0,28,158
213,0,28,155
214,0,26,158
215,0,26,168
216,0,26,158
217,0,26,169
218,0,26,169
219,0,26,173
220,0,26,164
221,0,27,174
222,0,28,166
223,0,29,170
224,0,30,166
225,0,31,175
226,0,32,180
227,0,29,186
228,0,29,183
229,0,30,185
230,0,30,183
231,0,34,174
232,0,33,174
233,0,32,175
234,0,33,175
235,0,34,174
236,0,35,177
237,0,33,171
238,0,32,164
239,0,34,172
240,0,35,162
241,0,35,163
242,0,33,175
243,0,34,173
244,0,34,167
245,0,34,171
246,0,32,173
247,0,34,175
248,0,34,169
249,0,34,169
250,0,33,171
251,0,30,178
252,0,33,179
253,0,32,177
254,0,29,172
255,0,29,170
256,0,28,171
257,0,28,161
258,0,28,175
259,0,28,174
260,0,29,167
261,0,30,177
262,0,31,167
263,0,31,169
264,0,31,170
265,0,31,174
266,0,33,175
267,0,34,181
268,0,35,174
269,0,37,178
270,0,38,179
271,0,38,180
272,0,37,174
273,0,34,166
274,0,34,161
275,0,32,168
276,0,33,162
277,0,33,166
278,0,36,157
279,0,36,163
280,0,39,163
281,0,36,161
282,0,39,154
283,0,39,155
284,0,38,150
285,0,40,142
286,0,40,139
287,0,38,132
288,0,40,140
289,0,42,130
290,0,45,133
291,0,46,123
292,0,47,134
293,0,43,141
294,0,41,128
295,0,40,140
296,0,38,130
297,0,40,136
298,0,38,128
299,0,37,133
300,0,33,127
301,0,34,133
302,0,31,124
303,0,32,131
304,0,30,131
305,0,28,139
306,0,27,129
307,0,27,133
308,0,28,132
309,0,28,130
310,0,28,128
311,0,29,127
312,0,28,125
313,0,28,132
314,0,29,131
315,0,29,147
316,0,28,140
317,0,27,154
318,0,29,148
319,0,30,152
320,0,30,155
321,0,32,154
322,0,31,162
323,0,30,158
324,0,30,151
325,0,32,154
326,0,35,153
327,0,36,155
328,0,34,154
329,0,35,168
330,0,35,160
331,0,37,162
332,0,40,161
333,0,41,148
334,0,39,142
335,0,38,148
336,0,39,141
337,0,39,143
338,0,35,154
339,0,37,152
340,0,36,149
341,0,36,136
342,0,36,134
343,0,34,139
344,0,34,138
345,0,32,136
346,0,32,131
347,0,33,137
348,0,35,132
349,0,33,128
350,0,33,123
351,0,33,124
352,0,33,134
353,0,33,126
354,0,34,134
355,0,32,124
356,0,35,127
357,0,37,132
358,0,39,124
359,0,36,127
360,0,35,143
361,0,33,136
362,0,31,135
363,0,34,144
364,0,35,139
365,0,34,151
366,0,33,151
367,0,34,151
368,0,37,152
369,0,37,153
370,0,38,146
371,0,34,152
372,0,34,167
373,0,36,163
374,0,38,167
375,0,37,158
376,0,33,156
377,0,32,151
378,0,33,152
379,0,30,152
380,0,29,157
381,0,28,160
382,0,29,152
383,0,27,157
384,0,24,170
385,0,26,173
386,0,27,167
387,0,27,181
388,0,27,183
389,0,26,185
390,0,26,177
391,0,27,187
392,0,26,181
393,0,24,191
394,0,24,186
395,0,24,183
396,0,25,184
397,0,27,198
398,0,26,188
399,0,25,192
400,0,27,204
401,0,30,197
402,0,29,195
403,0,28,195
404,0,29,196
405,0,27,206
406,0,26,200
407,0,27,202
408,0,26,211
409,0,26,203
410,0,22,210
411,0,22,210
412,0,23,214
413,0,23,207
414,0,24,202
415,0,25,200
416,0,26,198
417,0,25,198
418,0,25,193
419,0,25,196
420,0,27,190
421,0,27,200
422,0,27,195
423,0,25,195
424,0,25,200
425,0,26,200
426,0,27,202
427,0,27,195
428,0,26,186
429,0,26,190
430,0,27,182
431,0,26,185
432,0,25,186
433,0,28,176
434,0,29,178
435,0,30,172
436,0,30,169
437,0,31,164
438,0,27,165
439,0,30,172
440,0,31,163
441,0,31,176
442,0,31,167
443,0,29,177
444,0,30,172
445,0,30,183
446,0,30,185
447,0,31,179
448,0,30,178
449,0,30,175
450,0,30,166
451,0,28,170
452,0,32,157
453,0,31,162
454,0,31,160
455,0,34,150
456,0,33,148
457,0,32,155
458,0,34,156
459,0,35,154
460,0,34,144
461,0,34,154
462,0,34,148
463,0,36,150
464,0,34,160
465,0,34,151
466,0,32,152
467,0,31,157
468,0,29,147
469,0,29,145
470,0,29,156
471,0,30,146
472,0,29,148
473,0,29,144
474,0,27,143
475,0,24,142
476,0,24,133
477,0,24,132
478,0,24,133
479,0,24,139
480,0,24,145
481,0,25,147
482,0,26,161
483,0,26,155
484,0,27,151
485,0,27,158
486,0,28,153
487,0,28,165
488,0,28,161
489,0,28,171
490,0,30,168
491,0,31,164
492,0,34,150
493,0,38,151
494,0,40,147
495,0,38,143
496,0,38,135
497,0,40,139
498,0,41,139
499,0,43,149
500,0,45,144
501,0,43,135
502,0,43,143
503,0,44,137
504,0,45,130
505,0,42,131
506,0,44,129
507,0,43,120
508,0,42,123
509,0,43,117
510,0,44,122
511,0,44,115
512,0,43,120
513,0,40,111
514,0,40,108
515,0,40,109
516,0,42,109
517,0,41,111
518,0,43,109
519,0,44,101
520,0,41,103
521,0,39,118
522,0,38,110
523,0,33,116
524,0,34,116
525,0,34,136
526,0,36,140
527,0,39,135
528,0,37,142
529,0,37,144
530,0,38,135
531,0,39,147
532,0,42,148
533,0,42,138
534,0,42,143
535,0,42,133
536,0,43,147
537,0,41,136
538,0,41,144
539,0,38,138
540,0,40,132
541,0,40,126
542,0,44,116
543,0,46,124
544,0,46,123
545,0,42,112
546,0,39,109
547,0,41,109
548,0,38,111
549,0,42,107
550,0,41,100
551,0,41,102
552,0,39,111
553,0,42,113
554,0,42,107
555,0,38,111
556,0,34,113
557,0,36,115
558,0,35,114
559,0,36,117
560,0,36,124
561,0,33,128
562,0,33,130
563,0,30,131
564,0,31,127
565,0,33,145
566,0,31,147
567,0,33,145
568,0,33,136
569,0,32,152
570,0,34,140
571,0,36,145
572,0,31,158
573,0,31,151
574,0,34,153
575,0,32,155
576,0,33,166
577,0,35,157
578,0,34,166
579,0,35,158
580,0,35,159
581,0,39,161
582,0,38,159
583,0,32,163
584,0,32,159
585,0,32,153
586,0,32,148
587,0,31,140
588,0,33,137
589,0,35,130
590,0,38,139
591,0,38,135
592,0,40,141
593,0,40,130
594,0,36,135
595,0,35,138
596,0,35,136
597,0,38,139
598,0,37,131
599,0,32,132
600,0,31,129
601,0,33,132
602,0,34,125
603,0,35,124
604,0,33,112
605,0,37,120
606,0,39,112
607,0,40,125
608,0,40,117
609,0,39,121
610,0,42,122
611,0,38,128
612,0,37,129
613,0,36,128
614,0,36,123
615,0,35,126
616,0,36,131
617,0,35,142
618,0,34,136
619,0,31,139
620,0,30,144
621,0,30,138
622,0,28,146
623,0,27,140
624,0,26,147
625,0,25,148
626,0,26,141
627,0,23,155
628,0,24,157
629,0,24,158
630,0,25,158
631,0,24,158
632,0,24,163
633,0,25,159
634,0,25,182
635,0,26,183
636,0,25,177
637,0,26,183
638,0,28,184
639,0,29,183
640,0,32,181
641,0,32,190
642,0,33,174
643,0,34,180
644,0,33,171
645,0,32,176
646,0,32,167
647,0,33,166
648,0,33,168
649,0,35,168
650,0,37,163
651,0,35,156
652,0,36,148
653,0,34,153
654,0,37,139
655,0,39,145
656,0,39,132
657,0,37,140
658,0,38,133
659,0,40,131
660,0,43,135
661,0,43,132
662,0,43,125
663,0,39,126
664,0,39,121
665,0,36,114
666,0,35,117
667,0,32,114
668,0,32,115
669,0,32,118
670,0,32,121
671,0,35,113
672,0,33,131
673,0,34,123
674,0,33,123
675,0,32,121
676,0,29,120
677,0,31,126
678,0,31,120
679,0,31,127
680,0,33,143
681,0,32,135
682,0,32,142
683,0,32,151
684,0,32,159
685,0,32,163
686,0,32,152
687,0,33,164
688,0,32,157
689,0,32,164
690,0,31,165
691,0,31,174
692,0,32,163
693,0,32,164
694,0,31,181
695,0,31,180
696,0,31,182
697,0,32,174
698,0,30,180
699,0,32,176
700,0,33,173
701,0,34,166
702,0,33,162
703,0,32,158
704,0,31,158
705,0,32,173
706,0,33,173
707,0,32,177
708,0,32,176
709,0,34,171
710,0,34,164
711,0,34,154
712,0,35,152
713,0,36,157
714,0,35,158
715,0,35,151
716,0,35,160
717,0,35,156
718,0,34,155
719,0,33,149
720,0,33,156
721,0,33,154
722,0,34,158
723,0,34,149
724,0,34,153
725,0,38,144
726,0,36,144
727,0,35,142
728,0,34,145
729,0,36,142
730,0,34,134
731,0,34,137
732,0,34,136
733,0,34,125
734,0,33,131
735,0,33,133
736,0,35,127
737,0,32,131
738,0,31,136
739,0,33,130
740,0,35,135
741,0,35,142
742,0,34,156
743,0,34,153
744,0,33,140
745,0,34,146
746,0,36,145
747,0,32,142
748,0,32,135
749,0,34,134
750,0,34,139
751,0,31,135
752,0,33,147
753,0,35,147
754,0,35,149
755,0,32,138
756,0,34,136
757,0,34,137
758,0,37,138
759,0,32,138
760,0,32,150
761,0,30,144
762,0,32,149
763,0,35,160
764,0,38,154
765,0,38,153
766,0,37,143
767,0,41,139
768,0,42,142
769,0,46,139
770,0,48,128
771,0,47,129
772,0,44,121
773,0,40,132
774,0,38,136
775,0,38,134
776,0,38,129
777,0,33,143
778,0,30,142
779,0,30,134
780,0,32,144
781,0,28,134
782,0,29,137
783,0,31,141
784,0,33,140
785,0,34,129
786,0,37,131
787,0,37,137
788,0,39,132
789,0,39,129
790,0,37,120
791,0,35,128
792,0,36,121
793,0,36,122
794,0,35,136
795,0,36,140
796,0,35,128
797,0,35,143
798,0,35,139
799,0,35,142
800,0,36,155
801,0,36,153
802,0,36,145
803,0,39,148
804,0,41,145
805,0,38,134
806,0,39,136
807,0,38,131
808,0,38,136
809,0,38,136
810,0,36,128
811,0,33,139
812,0,32,141
813,0,29,139
814,0,30,145
815,0,31,148
816,0,31,146
817,0,32,152
818,0,31,171
819,0,30,177
820,0,29,167
821,0,30,175
822,0,29,165
823,0,28,171
824,0,30,172
825,0,30,168
826,0,31,168
827,0,33,176
828,0,32,170
829,0,29,167
830,0,27,167
831,0,26,168
832,0,25,163
833,0,28,153
834,0,27,167
835,0,27,157
836,0,28,170
837,0,28,168
838,0,30,157
839,0,31,165
840,0,32,162
841,0,32,159
842,0,35,154
843,0,37,149
844,0,40,142
845,0,38,148
846,0,40,137
847,0,40,133
848,0,38,126
849,0,36,129
850,0,37,129
851,0,37,127
852,0,36,120
853,0,37,129
854,0,38,124
855,0,39,126
856,0,37,126
857,0,38,131
858,0,36,134
859,0,37,135
860,0,39,128
861,0,39,126
862,0,38,142
863,0,36,135
864,0,34,148
865,0,32,153
866,0,33,154
867,0,30,147
868,0,30,161
869,0,29,154
870,0,28,158
871,0,27,171
872,0,31,172
873,0,31,168
874,0,32,159
875,0,32,166
876,0,34,156
877,0,39,157
878,0,35,157
879,0,33,149
880,0,32,160
881,0,33,160
882,0,31,161
883,0,30,163
884,0,29,168
885,0,33,166
886,0,36,160
887,0,37,158
888,0,37,155
889,0,39,161
890,0,38,152
891,0,39,143
892,0,37,147
893,0,39,147
894,0,39,136
895,0,40,139
896,0,37,137
897,0,37,137
898,0,37,130
899,0,42,125
900,0,41,126
901,0,40,119
902,0,39,113
903,0,39,124
904,0,40,127
905,0,40,118
906,0,39,118
907,0,41,130
908,0,41,117
909,0,41,133
910,0,42,130
911,0,43,124
912,0,38,127
913,0,40,133
914,0,38,138
915,0,40,131
916,0,40,141
917,0,36,142
918,0,35,138
919,0,32,134
920,0,33,144
921,0,31,154
922,0,32,154
923,0,35,146
924,0,35,146
925,0,35,151
926,0,34,149
927,0,30,159
928,0,33,158
929,0,32,160
930,0,31,167
931,0,31,167
932,0,29,165
933,0,29,164
934,0,28,157
935,0,28,164
936,0,25,162
937,0,26,157
938,0,27,173
939,0,29,162
940,0,29,164
941,0,29,157
942,0,29,157
943,0,32,157
944,0,31,149
945,0,31,157
946,0,33,145
947,0,33,149
948,0,31,158
949,0,31,149
950,0,30,155
951,0,32,158
952,0,35,149
953,0,35,163
954,0,35,155
955,0,36,155
956,0,30,156
957,0,33,159
958,0,32,156
959,0,33,157
960,0,27,158
961,0,28,153
962,0,28,162
963,0,30,164
964,0,30,165
965,0,29,165
966,0,29,163
967,0,29,163
968,0,27,168
969,0,28,162
970,0,28,174
971,0,28,171
972,0,27,166
973,0,27,169
974,0,27,160
975,0,28,171
976,0,26,179
977,0,27,176
978,0,26,169
979,0,27,159
980,0,27,164
981,0,25,159
982,0,22,163
983,0,22,171
984,0,24,171
985,0,26,173
986,0,26,170
987,0,26,166
988,0,25,170
989,0,25,170
990,0,25,159
991,0,25,164
992,0,24,167
993,0,26,161
994,0,28,161
995,0,28,172
996,0,28,175
997,0,29,180
998,0,31,175
999,0,27,173
1000,0,27,174
1001,0,27,174
