,Wolves,Sheep,Grass
0,10,50,204
1,11,50,180
2,14,51,164
3,15,51,160
4,20,50,145
5,25,53,136
6,26,53,127
7,31,55,115
8,35,57,115
9,43,53,106
10,42,52,108
11,37,50,106
12,43,52,106
13,49,47,108
14,54,46,99
15,46,40,101
16,39,36,100
17,40,31,102
18,42,31,106
19,45,24,108
20,45,24,112
21,47,19,113
22,45,16,117
23,50,16,129
24,48,16,140
25,43,15,147
26,47,13,154
27,44,13,158
28,35,12,164
29,29,12,164
30,28,10,166
31,25,8,164
32,26,10,192
33,24,9,214
34,18,10,244
35,17,7,240
36,17,6,250
37,16,7,260
38,15,8,280
39,14,7,277
40,12,7,283
41,8,5,293
42,7,4,291
43,7,5,298
44,7,5,305
45,8,5,317
46,11,5,316
47,10,6,319
48,9,6,324
49,9,6,323
50,5,7,322
51,5,7,322
52,3,7,326
53,1,7,323
54,1,6,320
55,1,5,321
56,1,5,321
57,1,6,319
58,1,6,317
59,2,6,324
60,2,6,322
61,0,7,321
62,0,7,320
63,0,7,318
64,0,7,314
65,0,7,314
66,0,7,315
67,0,8,317
68,0,9,317
69,0,9,317
70,0,9,315
71,0,9,318
72,0,9,313
73,0,10,311
74,0,10,306
75,0,11,301
76,0,11,295
77,0,11,291
78,0,11,290
79,0,12,284
80,0,12,283
81,0,12,279
82,0,12,277
83,0,12,275
84,0,12,276
85,0,12,274
86,0,12,271
87,0,12,268
88,0,13,272
89,0,13,267
90,0,13,264
91,0,13,263
92,0,14,262
93,0,14,255
94,0,14,249
95,0,15,254
96,0,15,250
97,0,16,245
98,0,16,244
99,0,16,242
100,0,17,243
101,0,17,240
102,0,18,235
103,0,19,240
104,0,21,241
105,0,21,236
106,0,19,233
107,0,19,235
108,0,20,233
109,0,20,241
110,0,19,236
111,0,21,235
112,0,22,229
113,0,22,225
114,0,23,223
115,0,23,216
116,0,26,216
117,0,26,216
118,0,25,205
119,0,25,198
120,0,26,197
121,0,27,205
122,0,27,200
123,0,27,192
124,0,29,201
125,0,32,194
126,0,31,188
127,0,31,182
128,0,30,180
129,0,32,173
130,0,32,169
131,0,31,175
132,0,30,170
133,0,31,162
134,0,31,164
135,0,33,156
136,0,30,149
137,0,30,159
138,0,30,152
139,0,30,159
140,0,32,150
141,0,34,154
142,0,32,150
143,0,34,160
144,0,34,146
145,0,35,144
146,0,37,143
147,0,39,142
148,0,41,157
149,0,44,156
150,0,47,150
151,0,45,146
152,0,46,146
153,0,49,138
154,0,53,146
155,0,51,123
156,0,48,116
157,0,49,113
158,0,51,124
159,0,48,117
160,0,49,106
161,0,49,105
162,0,51,103
163,0,51,102
164,0,50,111
165,0,47,104
166,0,46,108
167,0,45,113
168,0,44,102
169,0,44,108
170,0,45,99
171,0,45,101
172,0,43,110
173,0,41,114
174,0,41,122
175,0,43,112
176,0,41,108
177,0,41,108
178,0,40,113
179,0,36,106
180,0,36,109
181,0,35,119
182,0,33,118
183,0,33,111
184,0,35,125
185,0,37,118
186,0,40,147
187,0,39,147
188,0,41,140
189,0,40,143
190,0,41,141
191,0,42,141
192,0,40,144
193,0,38,144
194,0,39,134
195,0,40,137
196,0,38,132
197,0,38,135
198,0,37,146
199,0,39,139
200,0,39,139
201,0,37,146
202,0,36,144
203,0,35,141
204,0,36,144
205,0,35,136
206,0,34,139
207,0,34,145
208,0,35,150
209,0,36,149
210,0,38,150
211,0,38,139
212,0,35,142
213,0,33,143
214,0,33,146
215,0,33,137
216,0,30,145
217,0,29,148
218,0,30,144
219,0,27,151
220,0,29,170
221,0,29,161
222,0,31,167
223,0,29,158
224,0,30,172
225,0,28,167
226,0,30,177
227,0,30,166
228,0,30,167
229,0,28,176
230,0,30,175
231,0,29,172
232,0,29,182
233,0,27,180
234,0,27,176
235,0,27,168
236,0,29,179
237,0,28,173
238,0,27,170
239,0,27,177
240,0,27,176
241,0,26,182
242,0,27,174
243,0,27,180
244,0,26,179
245,0,25,178
246,0,30,170
247,0,30,167
248,0,31,176
249,0,33,169
250,0,33,170
251,0,36,171
252,0,34,174
253,0,33,183
254,0,31,175
255,0,34,173
256,0,32,180
257,0,32,185
258,0,31,179
259,0,32,179
260,0,32,183
261,0,31,177
262,0,34,179
263,0,32,178
264,0,32,171
265,0,33,178
266,0,29,171
267,0,30,170
268,0,31,163
269,0,28,174
270,0,28,166
271,0,30,165
272,0,34,161
273,0,29,162
274,0,25,164
275,0,27,176
276,0,27,166
277,0,27,170
278,0,28,175
279,0,30,172
280,0,30,175
281,0,30,173
282,0,30,165
283,0,30,164
284,0,29,164
285,0,29,157
286,0,31,160
287,0,33,160
288,0,33,164
289,0,33,158
290,0,32,153
291,0,34,154
292,0,36,153
293,0,38,153
294,0,39,146
295,0,38,150
296,0,40,136
297,0,38,140
298,0,36,141
299,0,34,140
300,0,32,143
301,0,34,152
302,0,37,154
303,0,38,155
304,0,36,153
305,0,36,144
306,0,31,144
307,0,26,150
308,0,29,144
309,0,27,147
310,0,28,143
311,0,28,148
312,0,29,156
313,0,29,170
314,0,32,168
315,0,32,158
316,0,32,156
317,0,29,158
318,0,29,163
319,0,29,157
320,0,30,164
321,0,29,171
322,0,28,177
323,0,31,168
324,0,32,178
325,0,34,167
326,0,34,169
327,0,35,175
328,0,36,180
329,0,38,171
330,0,36,173
331,0,35,176
332,0,36,164
333,0,35,157
334,0,35,159
335,0,38,149
336,0,38,161
337,0,40,153
338,0,38,149
339,0,36,155
340,0,38,152
341,0,38,140
342,0,39,134
343,0,39,137
344,0,42,130
345,0,41,130
346,0,40,131
347,0,40,134
348,0,40,136
349,0,35,134
350,0,36,133
351,0,37,130
352,0,38,123
353,0,41,124
354,0,43,120
355,0,37,122
356,0,38,124
357,0,38,123
358,0,36,120
359,0,38,121
360,0,36,126
361,0,37,126
362,0,37,120
363,0,35,122
364,0,35,129
365,0,35,138
366,0,35,133
367,0,33,135
368,0,32,142
369,0,31,141
370,0,33,133
371,0,32,144
372,0,32,138
373,0,32,155
374,0,31,144
375,0,33,148
376,0,31,144
377,0,29,145
378,0,30,143
379,0,31,151
380,0,31,149
381,0,33,149
382,0,33,161
383,0,34,146
384,0,34,154
385,0,37,146
386,0,35,149
387,0,36,149
388,0,37,144
389,0,35,140
390,0,31,133
391,0,31,133
392,0,31,134
393,0,32,135
394,0,32,141
395,0,33,133
396,0,33,132
397,0,34,133
398,0,33,129
399,0,32,128
400,0,34,130
401,0,33,135
402,0,36,126
403,0,37,129
404,0,36,125
405,0,36,127
406,0,39,120
407,0,39,127
408,0,42,122
409,0,41,128
410,0,39,130
411,0,37,122
412,0,36,128
413,0,35,128
414,0,33,125
415,0,34,114
416,0,34,118
417,0,33,131
418,0,34,131
419,0,34,121
420,0,33,122
421,0,32,133
422,0,32,126
423,0,31,126
424,0,31,123
425,0,32,133
426,0,34,135
427,0,34,133
428,0,34,135
429,0,35,133
430,0,33,125
431,0,35,129
432,0,34,130
433,0,36,126
434,0,37,143
435,0,36,143
436,0,37,132
437,0,39,131
438,0,37,133
439,0,36,133
440,0,38,122
441,0,38,133
442,0,34,131
443,0,35,138
444,0,35,148
445,0,36,135
446,0,36,137
447,0,35,139
448,0,35,135
449,0,37,145
450,0,38,136
451,0,38,140
452,0,41,136
453,0,41,129
454,0,41,130
455,0,39,133
456,0,39,129
457,0,40,128
458,0,40,131
459,0,38,128
460,0,36,131
461,0,35,128
462,0,35,121
463,0,35,125
464,0,37,135
465,0,37,124
466,0,35,127
467,0,34,138
468,0,37,129
469,0,38,135
470,0,39,137
471,0,39,127
472,0,38,126
473,0,39,127
474,0,38,130
475,0,37,127
476,0,36,140
477,0,35,135
478,0,34,139
479,0,32,137
480,0,29,138
481,0,29,149
482,0,32,149
483,0,30,140
484,0,32,134
485,0,31,145
486,0,33,141
487,0,36,131
488,0,37,141
489,0,37,133
490,0,37,138
491,0,39,146
492,0,38,141
493,0,40,137
494,0,40,137
495,0,40,149
496,0,38,143
497,0,36,148
498,0,36,146
499,0,35,145
500,0,30,138
501,0,30,138
502,0,31,141
503,0,32,138
504,0,33,140
505,0,33,139
506,0,34,141
507,0,36,139
508,0,36,130
509,0,33,138
510,0,33,133
511,0,34,134
512,0,33,138
513,0,28,154
514,0,27,145
515,0,29,151
516,0,29,165
517,0,28,156
518,0,28,155
519,0,28,162
520,0,27,155
521,0,27,161
522,0,28,153
523,0,28,159
524,0,27,166
525,0,26,161
526,0,27,169
527,0,27,165
528,0,26,171
529,0,27,178
530,0,27,179
531,0,27,185
532,0,26,185
533,0,26,176
534,0,24,188
535,0,25,181
536,0,25,184
537,0,26,182
538,0,26,191
539,0,28,190
540,0,28,188
541,0,28,180
542,0,29,187
543,0,29,180
544,0,30,180
545,0,32,189
546,0,31,187
547,0,32,176
548,0,31,185
549,0,31,173
550,0,30,175
551,0,31,178
552,0,31,173
553,0,31,174
554,0,31,182
555,0,32,179
556,0,29,174
557,0,26,172
558,0,27,166
559,0,28,168
560,0,29,156
561,0,28,158
562,0,28,166
563,0,29,163
564,0,29,154
565,0,31,161
566,0,33,156
567,0,34,154
568,0,34,148
569,0,37,152
570,0,35,141
571,0,33,146
572,0,33,147
573,0,33,143
574,0,33,145
575,0,31,151
576,0,32,144
577,0,32,155
578,0,31,145
579,0,31,162
580,0,31,158
581,0,32,163
582,0,34,153
583,0,34,151
584,0,34,149
585,0,36,153
586,0,39,157
587,0,38,163
588,0,37,152
589,0,39,157
590,0,36,154
591,0,35,157
592,0,39,167
593,0,37,158
594,0,36,169
595,0,33,157
596,0,35,156
597,0,36,151
598,0,31,146
599,0,34,152
600,0,31,154
601,0,30,156
602,0,33,149
603,0,35,156
604,0,33,152
605,0,30,147
606,0,32,140
607,0,33,145
608,0,32,132
609,0,31,142
610,0,33,136
611,0,34,146
612,0,36,149
613,0,33,142
614,0,34,150
615,0,36,146
616,0,36,142
617,0,36,136
618,0,35,148
619,0,33,140
620,0,34,146
621,0,37,138
622,0,37,139
623,0,38,129
624,0,38,128
625,0,37,142
626,0,33,134
627,0,32,137
628,0,33,153
629,0,34,155
630,0,34,151
631,0,34,143
632,0,35,152
633,0,34,152
634,0,31,142
635,0,32,140
636,0,32,147
637,0,31,151
638,0,31,154
639,0,33,145
640,0,36,141
641,0,35,144
642,0,38,136
643,0,40,132
644,0,41,132
645,0,40,127
646,0,39,134
647,0,38,131
648,0,38,130
649,0,35,128
650,0,37,128
651,0,38,119
652,0,42,121
653,0,39,122
654,0,36,125
655,0,38,134
656,0,36,124
657,0,40,126
658,0,37,121
659,0,38,120
660,0,38,123
661,0,38,129
662,0,38,128
663,0,36,142
664,0,35,134
665,0,33,148
666,0,30,141
667,0,29,141
668,0,30,146
669,0,31,146
670,0,31,151
671,0,34,145
672,0,35,149
673,0,37,165
674,0,37,165
675,0,36,170
676,0,37,170
677,0,34,162
678,0,33,162
679,0,33,162
680,0,33,167
681,0,33,173
682,0,33,173
683,0,34,167
684,0,33,180
685,0,34,172
686,0,32,161
687,0,32,162
688,0,34,159
689,0,33,167
690,0,35,166
691,0,32,161
692,0,32,164
693,0,33,155
694,0,35,150
695,0,34,151
696,0,34,151
697,0,34,152
698,0,36,157
699,0,34,158
700,0,34,165
701,0,33,156
702,0,32,156
703,0,31,147
704,0,33,139
705,0,32,137
706,0,31,140
707,0,27,147
708,0,29,147
709,0,29,139
710,0,30,138
711,0,30,138
712,0,30,145
713,0,31,142
714,0,32,141
715,0,34,135
716,0,35,144
717,0,34,145
718,0,36,154
719,0,35,144
720,0,34,146
721,0,36,139
722,0,34,141
723,0,35,141
724,0,37,151
725,0,37,151
726,0,34,148
727,0,34,146
728,0,36,135
729,0,36,132
730,0,35,136
731,0,33,139
732,0,32,139
733,0,29,144
734,0,31,157
735,0,28,147
736,0,28,155
737,0,27,148
738,0,28,152
739,0,28,152
740,0,28,165
741,0,29,157
742,0,29,154
743,0,30,150
744,0,29,154
745,0,30,160
746,0,29,161
747,0,30,162
748,0,29,166
749,0,29,169
750,0,31,161
751,0,33,171
752,0,34,162
753,0,33,168
754,0,31,168
755,0,30,162
756,0,30,172
757,0,28,167
758,0,29,171
759,0,27,173
760,0,27,171
761,0,28,168
762,0,29,169
763,0,29,167
764,0,29,168
765,0,27,160
766,0,27,165
767,0,28,157
768,0,29,163
769,0,30,153
770,0,32,155
771,0,32,147
772,0,32,146
773,0,34,145
774,0,34,147
775,0,35,146
776,0,38,147
777,0,37,156
778,0,38,148
779,0,39,150
780,0,42,150
781,0,44,162
782,0,45,150
783,0,44,160
784,0,44,161
785,0,45,155
786,0,41,153
787,0,42,146
788,0,42,144
789,0,38,133
790,0,39,129
791,0,38,138
792,0,37,139
793,0,35,139
794,0,34,134
795,0,31,142
796,0,31,134
797,0,33,135
798,0,34,144
799,0,31,140
800,0,28,144
801,0,26,158
802,0,25,154
803,0,25,160
804,0,25,163
805,0,26,159
806,0,25,166
807,0,20,163
808,0,20,178
809,0,20,178
810,0,19,169
811,0,19,177
812,0,20,171
813,0,19,176
814,0,20,176
815,0,20,189
816,0,21,185
817,0,21,191
818,0,22,182
819,0,22,194
820,0,23,187
821,0,24,191
822,0,23,194
823,0,24,200
824,0,24,195
825,0,25,186
826,0,25,181
827,0,23,182
828,0,23,183
829,0,25,185
830,0,25,185
831,0,26,176
832,0,28,171
833,0,31,166
834,0,32,167
835,0,32,159
836,0,35,147
837,0,36,143
838,0,37,139
839,0,38,131
840,0,42,124
841,0,42,127
842,0,44,127
843,0,44,135
844,0,45,130
845,0,46,119
846,0,46,117
847,0,45,109
848,0,38,113
849,0,39,113
850,0,42,124
851,0,40,120
852,0,37,115
853,0,38,118
854,0,39,124
855,0,39,126
856,0,40,127
857,0,43,120
858,0,42,119
859,0,42,116
860,0,42,122
861,0,42,111
862,0,45,122
863,0,42,110
864,0,41,118
865,0,40,112
866,0,43,121
867,0,45,126
868,0,43,128
869,0,38,137
870,0,37,136
871,0,36,140
872,0,38,134
873,0,36,132
874,0,38,120
875,0,41,130
876,0,41,121
877,0,39,129
878,0,41,127
879,0,39,121
880,0,42,119
881,0,43,121
882,0,42,113
883,0,41,126
884,0,42,129
885,0,40,120
886,0,39,123
887,0,41,117
888,0,41,113
889,0,38,119
890,0,38,118
891,0,37,111
892,0,38,121
893,0,38,123
894,0,39,114
895,0,38,123
896,0,35,116
897,0,36,122
898,0,35,117
899,0,37,121
900,0,35,113
901,0,35,119
902,0,34,121
903,0,32,131
904,0,30,121
905,0,30,125
906,0,31,139
907,0,32,130
908,0,32,132
909,0,28,130
910,0,29,132
911,0,30,144
912,0,30,140
913,0,30,152
914,0,32,149
915,0,35,142
916,0,37,155
917,0,40,147
918,0,40,159
919,0,39,159
920,0,40,159
921,0,38,150
922,0,36,151
923,0,35,155
924,0,34,163
925,0,30,156
926,0,33,158
927,0,34,156
928,0,35,159
929,0,36,157
930,0,35,154
931,0,34,149
932,0,35,146
933,0,33,135
934,0,36,145
935,0,34,128
936,0,34,137
937,0,35,133
938,0,34,132
939,0,34,143
940,0,37,141
941,0,36,134
942,0,34,138
943,0,34,133
944,0,34,145
945,0,36,143
946,0,32,135
947,0,33,143
948,0,34,134
949,0,34,142
950,0,37,132
951,0,38,135
952,0,36,130
953,0,36,133
954,0,34,127
955,0,34,137
956,0,34,131
957,0,32,140
958,0,31,134
959,0,31,138
960,0,34,139
961,0,34,156
962,0,36,144
963,0,35,156
964,0,36,148
965,0,36,163
966,0,34,152
967,0,34,160
968,0,31,163
969,0,31,156
970,0,34,157
971,0,33,164
972,0,33,158
973,0,32,164
974,0,30,163
975,0,29,166
976,0,29,166
977,0,29,168
978,0,28,165
979,0,29,161
980,0,30,164
981,0,27,174
982,0,28,169
983,0,28,185
984,0,29,177
985,0,28,180
986,0,29,173
987,0,29,171
988,0,29,174
989,0,27,163
990,0,24,172
991,0,26,169
992,0,28,173
993,0,26,161
994,0,27,168
995,0,29,159
996,0,30,161
997,0,30,168
998,0,32,168
999,0,31,161
1000,0,32,153
1001,0,32,153
