,Wolves,Sheep,Grass
0,10,10,196
1,11,10,204
2,12,12,204
3,14,12,203
4,19,12,209
5,25,11,208
6,30,12,210
7,40,11,210
8,45,12,212
9,43,12,217
10,30,12,227
11,27,11,228
12,27,11,230
13,22,12,228
14,23,14,231
15,24,14,229
16,27,15,223
17,35,15,222
18,19,14,222
19,21,14,223
20,13,13,225
21,14,12,228
22,13,11,231
23,14,11,236
24,17,11,243
25,17,10,251
26,12,10,255
27,10,10,261
28,9,8,265
29,10,8,265
30,8,9,271
31,7,9,272
32,9,10,265
33,10,9,274
34,12,9,271
35,18,8,273
36,13,10,274
37,9,8,272
38,5,9,270
39,6,9,268
40,7,9,268
41,6,9,267
42,7,10,271
43,4,10,268
44,4,9,275
45,4,8,271
46,6,8,277
47,6,9,285
48,7,9,281
49,9,9,287
50,11,10,283
51,6,10,289
52,7,11,285
53,2,14,287
54,0,14,282
55,0,15,284
56,0,13,286
57,0,13,285
58,0,14,284
59,0,13,277
60,0,13,281
61,0,13,278
62,0,14,277
63,0,15,280
64,0,16,283
65,0,16,278
66,0,16,270
67,0,16,278
68,0,16,276
69,0,16,272
70,0,16,268
71,0,17,271
72,0,17,268
73,0,17,269
74,0,16,268
75,0,17,266
76,0,18,265
77,0,19,264
78,0,17,260
79,0,16,255
80,0,18,251
81,0,20,252
82,0,20,249
83,0,20,245
84,0,22,240
85,0,23,246
86,0,24,240
87,0,24,235
88,0,24,238
89,0,24,239
90,0,24,231
91,0,25,234
92,0,26,232
93,0,27,225
94,0,26,220
95,0,27,223
96,0,26,214
97,0,29,217
98,0,32,211
99,0,35,202
100,0,34,199
101,0,34,197
102,0,33,191
103,0,32,182
104,0,34,177
105,0,36,172
106,0,37,167
107,0,38,164
108,0,34,168
109,0,34,161
110,0,32,164
111,0,32,162
112,0,33,159
113,0,33,149
114,0,32,153
115,0,32,150
116,0,33,149
117,0,34,149
118,0,35,151
119,0,34,145
120,0,34,148
121,0,36,149
122,0,36,149
123,0,35,150
124,0,36,145
125,0,35,135
126,0,36,147
127,0,35,138
128,0,37,141
129,0,33,154
130,0,30,153
131,0,28,147
132,0,28,159
133,0,28,152
134,0,27,166
135,0,28,170
136,0,29,172
137,0,32,167
138,0,31,172
139,0,29,165
140,0,27,176
141,0,25,171
142,0,25,171
143,0,25,175
144,0,24,176
145,0,25,173
146,0,25,173
147,0,28,178
148,0,29,188
149,0,27,184
150,0,26,188
151,0,26,184
152,0,27,174
153,0,29,189
154,0,25,192
155,0,26,185
156,0,30,190
157,0,31,190
158,0,33,189
159,0,33,180
160,0,35,190
161,0,35,190
162,0,38,183
163,0,41,179
164,0,41,174
165,0,40,168
166,0,37,159
167,0,38,165
168,0,39,153
169,0,39,151
170,0,38,155
171,0,39,148
172,0,38,148
173,0,37,148
174,0,36,147
175,0,37,157
176,0,37,152
177,0,38,147
178,0,38,135
179,0,40,137
180,0,40,129
181,0,38,124
182,0,39,123
183,0,40,126
184,0,41,116
185,0,42,117
186,0,40,114
187,0,38,126
188,0,39,125
189,0,41,118
190,0,43,118
191,0,39,128
192,0,37,132
193,0,35,137
194,0,33,131
195,0,33,133
196,0,32,142
197,0,33,136
198,0,33,149
199,0,30,140
200,0,32,156
201,0,32,156
