,Wolves,Sheep,Grass
0,10,50,204
1,13,53,189
2,16,52,169
3,20,55,161
4,23,55,145
5,27,54,129
6,31,52,122
7,36,46,111
8,37,47,105
9,37,44,108
10,39,45,114
11,48,40,114
12,49,31,116
13,57,25,111
14,63,23,114
15,65,21,113
16,71,19,121
17,68,16,128
18,61,16,124
19,54,17,129
20,58,18,135
21,55,17,140
22,59,12,145
23,55,12,144
24,51,12,145
25,54,12,149
26,54,13,156
27,42,12,164
28,38,13,169
29,37,11,170
30,27,13,171
31,16,14,169
32,18,15,219
33,18,13,225
34,15,12,219
35,13,12,253
36,12,12,248
37,10,12,267
38,10,12,261
39,7,12,265
40,6,13,275
41,7,13,276
42,6,14,278
43,2,14,273
44,3,15,272
45,1,15,267
46,1,15,262
47,1,15,260
48,2,15,263
49,2,15,258
50,3,15,260
51,3,15,254
52,2,16,252
53,2,16,251
54,3,16,245
55,4,18,240
56,4,19,240
57,2,19,236
58,3,18,229
59,4,15,227
60,5,17,227
61,3,18,225
62,4,19,223
63,4,19,219
64,3,20,226
65,1,21,228
66,1,21,223
67,2,22,224
68,0,19,227
69,0,19,221
70,0,20,222
71,0,20,222
72,0,21,224
73,0,23,224
74,0,22,221
75,0,21,222
76,0,19,235
77,0,19,231
78,0,19,229
79,0,19,228
80,0,19,234
81,0,19,230
82,0,20,226
83,0,22,231
84,0,22,224
85,0,20,236
86,0,20,225
87,0,20,230
88,0,20,231
89,0,21,229
90,0,22,229
91,0,22,226
92,0,22,224
93,0,22,219
94,0,20,220
95,0,20,219
96,0,20,217
97,0,20,219
98,0,20,216
99,0,20,223
100,0,20,220
101,0,20,217
102,0,21,214
103,0,22,210
104,0,20,213
105,0,20,207
106,0,21,211
107,0,21,206
108,0,21,204
109,0,24,205
110,0,23,213
111,0,23,207
112,0,25,209
113,0,26,217
114,0,26,215
115,0,24,214
116,0,23,209
117,0,24,214
118,0,25,219
119,0,25,217
120,0,25,210
121,0,27,213
122,0,28,207
123,0,29,211
124,0,29,207
125,0,31,207
126,0,32,204
127,0,32,202
128,0,33,198
129,0,34,200
130,0,35,201
131,0,33,201
132,0,35,193
133,0,35,190
134,0,35,181
135,0,35,182
136,0,36,176
137,0,34,178
138,0,36,167
139,0,37,166
140,0,38,161
141,0,42,153
142,0,44,154
143,0,43,145
144,0,45,132
145,0,44,128
146,0,48,117
147,0,50,114
148,0,51,117
149,0,53,107
150,0,59,102
151,0,58,111
152,0,53,104
153,0,54,98
154,0,51,98
155,0,51,99
156,0,52,100
157,0,52,107
158,0,50,104
159,0,51,97
160,0,53,94
161,0,51,94
162,0,49,83
163,0,39,93
164,0,36,106
165,0,35,108
166,0,36,103
167,0,36,106
168,0,35,110
169,0,31,128
170,0,28,129
171,0,26,131
172,0,28,141
173,0,30,138
174,0,29,146
175,0,30,151
176,0,29,161
177,0,29,179
178,0,27,176
179,0,25,191
180,0,24,189
181,0,19,200
182,0,18,202
183,0,18,205
184,0,18,215
185,0,16,219
186,0,14,221
187,0,13,224
188,0,11,243
189,0,11,243
190,0,13,252
191,0,12,263
192,0,13,269
193,0,13,264
194,0,13,272
195,0,13,278
196,0,15,278
197,0,15,271
198,0,15,261
199,0,15,264
200,0,16,260
201,0,16,263
202,0,17,262
203,0,18,257
204,0,18,255
205,0,19,245
206,0,19,244
207,0,20,237
208,0,20,237
209,0,20,238
210,0,20,232
211,0,20,226
212,0,22,217
213,0,22,211
214,0,23,205
215,0,25,202
216,0,25,199
217,0,25,195
218,0,26,190
219,0,26,185
220,0,28,182
221,0,29,173
222,0,31,172
223,0,32,172
224,0,33,168
225,0,33,166
226,0,31,158
227,0,34,166
228,0,35,166
229,0,37,168
230,0,40,166
231,0,38,155
232,0,39,158
233,0,37,158
234,0,33,153
235,0,34,153
236,0,33,157
237,0,32,167
238,0,33,162
239,0,32,154
240,0,31,155
241,0,30,165
242,0,30,169
243,0,30,157
244,0,32,159
245,0,32,166
246,0,35,173
247,0,36,172
248,0,37,164
249,0,36,165
250,0,37,164
251,0,36,166
252,0,37,159
253,0,34,164
254,0,33,164
255,0,32,163
256,0,32,163
257,0,32,162
258,0,33,156
259,0,32,166
260,0,32,156
261,0,33,156
262,0,34,163
263,0,32,153
264,0,33,156
265,0,34,160
266,0,35,145
267,0,37,142
268,0,41,150
269,0,42,150
270,0,46,144
271,0,44,141
272,0,44,133
273,0,44,125
274,0,46,126
275,0,45,123
276,0,47,113
277,0,48,109
278,0,44,108
279,0,44,117
280,0,46,110
281,0,48,102
282,0,45,108
283,0,47,108
284,0,49,112
285,0,43,107
286,0,46,109
287,0,44,110
288,0,40,110
289,0,41,108
290,0,37,108
291,0,34,110
292,0,37,121
293,0,32,125
294,0,34,128
295,0,35,130
296,0,33,123
297,0,35,133
298,0,35,138
299,0,32,152
300,0,30,141
301,0,28,148
302,0,26,149
303,0,27,158
304,0,23,169
305,0,23,179
306,0,24,184
307,0,24,177
308,0,23,183
309,0,23,185
310,0,22,193
311,0,23,196
312,0,26,201
313,0,27,197
314,0,26,189
315,0,26,179
316,0,27,175
317,0,27,178
318,0,29,170
319,0,30,177
320,0,32,173
321,0,34,178
322,0,35,173
323,0,32,163
324,0,32,167
325,0,31,156
326,0,31,157
327,0,33,161
328,0,33,159
329,0,35,158
330,0,34,159
331,0,31,151
332,0,31,151
333,0,31,151
334,0,32,150
335,0,30,162
336,0,30,162
337,0,25,152
338,0,24,153
339,0,25,157
340,0,28,150
341,0,29,154
342,0,31,147
343,0,33,151
344,0,32,154
345,0,33,164
346,0,35,152
347,0,36,152
348,0,38,163
349,0,38,154
350,0,37,153
351,0,33,156
352,0,34,146
353,0,36,147
354,0,39,155
355,0,42,147
356,0,37,147
357,0,36,144
358,0,31,150
359,0,31,143
360,0,32,139
361,0,33,142
362,0,33,151
363,0,33,144
364,0,35,145
365,0,34,148
366,0,34,140
367,0,34,146
368,0,34,140
369,0,32,147
370,0,35,148
371,0,34,141
372,0,34,141
373,0,34,146
374,0,34,148
375,0,34,153
376,0,35,142
377,0,33,146
378,0,34,156
379,0,34,149
380,0,34,161
381,0,30,161
382,0,32,161
383,0,32,153
384,0,32,154
385,0,31,156
386,0,32,156
387,0,32,165
388,0,33,155
389,0,33,155
390,0,33,154
391,0,33,165
392,0,32,157
393,0,33,150
394,0,34,150
395,0,34,141
396,0,33,148
397,0,32,146
398,0,32,146
399,0,32,134
400,0,32,136
401,0,32,127
402,0,34,128
403,0,32,136
404,0,33,134
405,0,35,121
406,0,37,134
407,0,35,137
408,0,34,138
409,0,35,129
410,0,36,131
411,0,36,131
412,0,39,125
413,0,40,120
414,0,41,122
415,0,39,120
416,0,37,125
417,0,34,136
418,0,32,139
419,0,33,131
420,0,35,141
421,0,35,139
422,0,36,145
423,0,33,139
424,0,33,153
425,0,33,153
426,0,32,153
427,0,34,153
428,0,34,150
429,0,35,138
430,0,35,152
431,0,37,144
432,0,37,151
433,0,38,145
434,0,36,143
435,0,36,133
436,0,38,144
437,0,37,140
438,0,39,130
439,0,39,140
440,0,37,140
441,0,39,133
442,0,35,135
443,0,34,143
444,0,34,144
445,0,34,133
446,0,35,138
447,0,36,140
448,0,39,138
449,0,40,124
450,0,39,122
451,0,37,127
452,0,36,126
453,0,37,123
454,0,38,117
455,0,38,127
456,0,37,122
457,0,37,119
458,0,37,130
459,0,37,118
460,0,36,125
461,0,39,129
462,0,39,116
463,0,42,116
464,0,43,122
465,0,40,125
466,0,41,132
467,0,36,135
468,0,35,125
469,0,35,131
470,0,36,133
471,0,40,124
472,0,41,129
473,0,41,125
474,0,39,126
475,0,39,121
476,0,38,124
477,0,40,128
478,0,40,129
479,0,39,131
480,0,42,126
481,0,44,135
482,0,42,132
483,0,42,123
484,0,42,120
485,0,44,118
486,0,43,118
487,0,46,123
488,0,46,114
489,0,43,125
490,0,44,117
491,0,43,114
492,0,43,133
493,0,41,122
494,0,40,122
495,0,36,133
496,0,35,133
497,0,33,132
498,0,32,127
499,0,30,132
500,0,31,146
501,0,33,133
502,0,33,141
503,0,33,131
504,0,30,140
505,0,30,143
506,0,31,149
507,0,31,139
508,0,28,152
509,0,29,147
510,0,29,152
511,0,29,159
512,0,27,156
513,0,29,159
514,0,28,173
515,0,25,168
516,0,24,172
517,0,25,183
518,0,25,175
519,0,27,177
520,0,31,183
521,0,29,183
522,0,27,185
523,0,27,188
524,0,25,188
525,0,26,187
526,0,26,191
527,0,25,183
528,0,24,187
529,0,24,183
530,0,24,182
531,0,25,194
532,0,26,200
533,0,27,188
534,0,27,194
535,0,27,185
536,0,27,188
537,0,26,191
538,0,27,190
539,0,27,187
540,0,27,185
541,0,26,183
542,0,24,178
543,0,25,185
544,0,25,179
545,0,23,181
546,0,23,183
547,0,26,184
548,0,25,184
549,0,25,176
550,0,25,189
551,0,28,186
552,0,28,190
553,0,29,198
554,0,27,194
555,0,27,205
556,0,25,205
557,0,25,196
558,0,25,196
559,0,23,198
560,0,23,198
561,0,25,195
562,0,25,196
563,0,24,195
564,0,24,201
565,0,24,201
566,0,24,201
567,0,26,213
568,0,24,204
569,0,24,204
570,0,24,201
571,0,24,204
572,0,25,210
573,0,23,208
574,0,22,208
575,0,23,204
576,0,23,196
577,0,21,203
578,0,21,204
579,0,22,199
580,0,22,200
581,0,23,198
582,0,23,194
583,0,23,199
584,0,26,190
585,0,27,186
586,0,27,175
587,0,27,180
588,0,28,169
589,0,29,173
590,0,31,164
591,0,30,158
592,0,30,162
593,0,31,160
594,0,31,159
595,0,30,159
596,0,30,151
597,0,32,152
598,0,34,150
599,0,36,161
600,0,34,162
601,0,35,159
602,0,36,150
603,0,34,158
604,0,35,150
605,0,34,142
606,0,32,152
607,0,34,146
608,0,35,144
609,0,31,141
610,0,32,145
611,0,30,140
612,0,31,139
613,0,32,139
614,0,35,145
615,0,35,137
616,0,36,139
617,0,36,156
618,0,33,155
619,0,34,144
620,0,35,162
621,0,34,159
622,0,33,166
623,0,31,157
624,0,33,160
625,0,34,154
626,0,32,152
627,0,32,153
628,0,35,152
629,0,35,152
630,0,36,147
631,0,36,157
632,0,35,158
633,0,33,159
634,0,34,152
635,0,37,161
636,0,35,160
637,0,37,152
638,0,37,159
639,0,35,148
640,0,35,145
641,0,33,145
642,0,32,141
643,0,31,146
644,0,29,147
645,0,29,152
646,0,30,149
647,0,30,161
648,0,27,154
649,0,26,157
650,0,26,164
651,0,27,165
652,0,29,161
653,0,30,151
654,0,31,161
655,0,32,150
656,0,33,159
657,0,35,158
658,0,38,148
659,0,37,149
660,0,37,141
661,0,36,141
662,0,34,145
663,0,34,152
664,0,34,145
665,0,34,150
666,0,34,141
667,0,32,160
668,0,33,158
669,0,32,171
670,0,30,167
671,0,30,160
672,0,30,166
673,0,31,160
674,0,32,160
675,0,33,153
676,0,31,159
677,0,30,158
678,0,30,154
679,0,32,158
680,0,34,157
681,0,34,149
682,0,34,148
683,0,37,155
684,0,36,143
685,0,37,155
686,0,38,150
687,0,37,147
688,0,33,148
689,0,34,138
690,0,33,156
691,0,36,148
692,0,36,149
693,0,35,151
694,0,37,139
695,0,38,146
696,0,35,148
697,0,41,146
698,0,41,135
699,0,41,125
700,0,44,135
701,0,43,126
702,0,49,119
703,0,56,119
704,0,49,121
705,0,49,116
706,0,44,104
707,0,44,109
708,0,40,111
709,0,43,104
710,0,40,102
711,0,39,112
712,0,39,111
713,0,41,114
714,0,37,114
715,0,36,116
716,0,35,119
717,0,34,126
718,0,32,116
719,0,33,118
720,0,34,117
721,0,36,116
722,0,35,116
723,0,35,120
724,0,35,127
725,0,34,140
726,0,34,134
727,0,31,134
728,0,30,135
729,0,32,147
730,0,32,150
731,0,33,153
732,0,31,144
733,0,30,162
734,0,30,154
735,0,27,173
736,0,26,180
737,0,26,180
738,0,27,173
739,0,28,173
740,0,28,180
741,0,27,184
742,0,24,177
743,0,27,183
744,0,28,173
745,0,28,176
746,0,28,171
747,0,26,176
748,0,26,178
749,0,28,172
750,0,29,159
751,0,30,161
752,0,31,161
753,0,31,156
754,0,31,152
755,0,31,141
756,0,31,141
757,0,31,137
758,0,30,141
759,0,31,133
760,0,33,143
761,0,34,136
762,0,36,131
763,0,38,140
764,0,38,131
765,0,39,131
766,0,41,135
767,0,41,127
768,0,41,131
769,0,42,129
770,0,44,120
771,0,43,122
772,0,44,123
773,0,44,116
774,0,45,126
775,0,44,119
776,0,46,129
777,0,45,121
778,0,44,126
779,0,41,113
780,0,42,121
781,0,40,128
782,0,40,128
783,0,37,129
784,0,37,142
785,0,37,147
786,0,36,144
787,0,36,142
788,0,41,143
789,0,41,147
790,0,40,137
791,0,40,141
792,0,34,134
793,0,35,146
794,0,35,148
795,0,35,144
796,0,35,154
797,0,33,153
798,0,34,150
799,0,35,152
800,0,35,140
801,0,37,141
802,0,38,145
803,0,39,135
804,0,40,142
805,0,42,137
806,0,44,125
807,0,41,135
808,0,42,125
809,0,41,137
810,0,42,136
811,0,41,129
812,0,40,135
813,0,42,128
814,0,46,116
815,0,47,121
816,0,46,111
817,0,48,97
818,0,45,106
819,0,44,107
820,0,40,106
821,0,42,107
822,0,43,104
823,0,46,100
824,0,44,98
825,0,42,89
826,0,36,87
827,0,37,90
828,0,39,106
829,0,39,103
830,0,32,104
831,0,33,116
832,0,33,108
833,0,34,115
834,0,32,119
835,0,30,136
836,0,28,140
837,0,27,131
838,0,27,144
839,0,29,134
840,0,31,139
841,0,32,147
842,0,32,139
843,0,32,149
844,0,35,148
845,0,36,140
846,0,39,159
847,0,39,152
848,0,35,160
849,0,32,157
850,0,31,169
851,0,29,159
852,0,29,159
853,0,30,163
854,0,29,170
855,0,29,160
856,0,31,160
857,0,31,158
858,0,29,157
859,0,28,154
860,0,27,153
861,0,27,154
862,0,28,163
863,0,27,157
864,0,28,153
865,0,32,146
866,0,32,145
867,0,30,151
868,0,31,145
869,0,34,144
870,0,36,150
871,0,35,149
872,0,36,145
873,0,37,147
874,0,38,139
875,0,39,152
876,0,39,139
877,0,40,144
878,0,39,133
879,0,39,135
880,0,40,143
881,0,38,133
882,0,36,136
883,0,36,135
884,0,35,128
885,0,34,142
886,0,31,136
887,0,33,137
888,0,32,134
889,0,31,139
890,0,34,128
891,0,34,122
892,0,35,122
893,0,38,120
894,0,38,125
895,0,40,130
896,0,38,140
897,0,35,131
898,0,37,132
899,0,40,130
900,0,38,136
901,0,40,128
902,0,38,136
903,0,33,147
904,0,36,140
905,0,35,152
906,0,32,149
907,0,33,155
908,0,33,160
909,0,31,173
910,0,31,171
911,0,32,162
912,0,29,166
913,0,26,181
914,0,28,171
915,0,27,169
916,0,29,174
917,0,29,167
918,0,29,178
919,0,27,169
920,0,27,182
921,0,29,175
922,0,29,178
923,0,27,180
924,0,28,190
925,0,24,181
926,0,21,187
927,0,22,191
928,0,23,192
929,0,25,195
930,0,25,187
931,0,26,186
932,0,25,188
933,0,25,185
934,0,24,197
935,0,27,192
936,0,27,188
937,0,29,178
938,0,32,176
939,0,33,176
940,0,30,189
941,0,28,178
942,0,31,181
943,0,30,188
944,0,30,188
945,0,27,190
946,0,27,178
947,0,27,180
948,0,27,177
949,0,28,184
950,0,30,177
951,0,32,175
952,0,32,173
953,0,33,167
954,0,33,160
955,0,31,161
956,0,32,167
957,0,34,164
958,0,32,159
959,0,30,157
960,0,34,165
961,0,35,162
962,0,33,162
963,0,28,153
964,0,29,157
965,0,30,151
966,0,28,153
967,0,31,165
968,0,27,164
969,0,26,160
970,0,27,155
971,0,28,149
972,0,28,154
973,0,29,161
974,0,30,160
975,0,30,152
976,0,31,147
977,0,30,151
978,0,33,162
979,0,35,163
980,0,36,153
981,0,32,168
982,0,32,169
983,0,35,163
984,0,38,176
985,0,40,165
986,0,43,158
987,0,43,152
988,0,46,159
989,0,45,149
990,0,47,155
991,0,47,152
992,0,44,137
993,0,45,136
994,0,41,127
995,0,42,124
996,0,39,121
997,0,38,124
998,0,37,127
999,0,37,123
1000,0,37,120
1001,0,37,120
