,Wolves,Sheep,Grass
0,10,10,206
1,12,10,209
2,15,11,210
3,15,13,217
4,19,14,218
5,23,12,218
6,24,13,216
7,34,13,213
8,37,13,216
9,43,13,214
10,48,13,222
11,47,14,222
12,43,14,224
13,37,12,231
14,36,12,230
15,33,12,230
16,26,12,230
17,16,14,230
18,10,14,235
19,8,13,235
20,10,14,238
21,9,15,235
22,4,16,236
23,6,16,235
24,7,16,239
25,5,17,240
26,6,17,244
27,7,17,244
28,5,18,245
29,2,17,245
30,1,17,242
31,1,17,237
32,1,17,232
33,1,21,231
34,1,22,227
35,1,20,223
36,1,19,221
37,1,20,224
38,1,20,226
39,2,19,229
40,2,21,227
41,4,21,226
42,4,21,225
43,0,21,219
44,0,21,211
45,0,21,210
46,0,22,207
47,0,23,198
48,0,24,196
49,0,25,198
50,0,27,192
51,0,25,187
52,0,25,195
53,0,25,196
54,0,26,196
55,0,28,188
56,0,31,191
57,0,30,181
58,0,32,175
59,0,31,176
60,0,32,180
61,0,34,179
62,0,35,174
63,0,35,174
64,0,34,172
65,0,33,174
66,0,36,165
67,0,37,162
68,0,32,162
69,0,31,160
70,0,31,148
71,0,33,143
72,0,33,136
73,0,31,132
74,0,33,145
75,0,36,137
76,0,37,133
77,0,36,131
78,0,35,142
79,0,36,134
80,0,37,133
81,0,38,141
82,0,38,139
83,0,38,140
84,0,38,142
85,0,37,134
86,0,36,146
87,0,37,140
88,0,37,143
89,0,34,148
90,0,34,146
91,0,34,144
92,0,36,137
93,0,36,132
94,0,36,139
95,0,37,139
96,0,37,147
97,0,37,137
98,0,34,142
99,0,35,143
100,0,36,131
101,0,35,133
102,0,37,146
103,0,38,136
104,0,41,139
105,0,39,128
106,0,34,130
107,0,32,131
108,0,30,142
109,0,31,131
110,0,31,131
111,0,29,137
112,0,28,130
113,0,29,139
114,0,29,134
115,0,32,134
116,0,32,132
117,0,32,141
118,0,31,139
119,0,31,132
120,0,34,147
121,0,36,139
122,0,39,147
123,0,37,138
124,0,35,138
125,0,34,138
126,0,34,147
127,0,34,141
128,0,35,147
129,0,32,155
130,0,32,157
131,0,33,162
132,0,34,167
133,0,32,165
134,0,28,168
135,0,31,158
136,0,29,159
137,0,28,159
138,0,30,167
139,0,30,169
140,0,30,163
141,0,28,170
142,0,28,169
143,0,27,171
144,0,28,174
145,0,31,166
146,0,29,166
147,0,29,164
148,0,29,166
149,0,31,164
150,0,30,154
151,0,31,160
152,0,31,151
153,0,32,164
154,0,31,169
155,0,33,171
156,0,32,170
157,0,31,173
158,0,28,177
159,0,26,178
160,0,28,174
161,0,25,184
162,0,25,178
163,0,23,179
164,0,25,185
165,0,25,189
166,0,26,196
167,0,28,200
168,0,27,205
169,0,25,208
170,0,25,206
171,0,24,199
172,0,26,203
173,0,27,206
174,0,27,205
175,0,26,213
176,0,25,206
177,0,25,216
178,0,26,211
179,0,26,219
180,0,29,209
181,0,26,216
182,0,28,228
183,0,30,215
184,0,29,207
185,0,30,202
186,0,31,204
187,0,29,200
188,0,32,196
189,0,31,198
190,0,31,196
191,0,34,191
192,0,34,194
193,0,33,192
194,0,33,190
195,0,32,183
196,0,32,171
197,0,34,163
198,0,34,163
199,0,36,169
200,0,31,163
201,0,31,163
