,Wolves,Sheep,Grass
0,10,10,210
1,12,11,209
2,12,11,213
3,12,12,218
4,14,12,218
5,17,12,218
6,19,12,219
7,23,12,222
8,29,12,221
9,32,11,222
10,36,12,224
11,31,11,228
12,30,12,232
13,33,12,232
14,32,10,234
15,28,9,240
16,25,8,242
17,27,8,248
18,18,7,252
19,13,8,256
20,15,8,258
21,13,8,261
22,14,8,273
23,15,8,278
24,13,6,288
25,17,6,293
26,17,5,297
27,12,5,303
28,10,5,308
29,13,6,307
30,12,7,310
31,8,7,305
32,8,6,309
33,7,7,309
34,8,8,310
35,6,8,313
36,4,8,317
37,4,8,318
38,5,9,318
39,3,9,317
40,4,9,322
41,2,9,321
42,1,9,316
43,1,9,314
44,1,9,313
45,0,10,309
46,0,11,306
47,0,10,298
48,0,10,297
49,0,11,293
50,0,11,292
51,0,10,290
52,0,10,287
53,0,10,286
54,0,10,281
55,0,11,279
56,0,11,273
57,0,11,277
58,0,10,275
59,0,11,273
60,0,11,269
61,0,12,269
62,0,15,264
63,0,15,260
64,0,15,257
65,0,16,251
66,0,17,250
67,0,17,247
68,0,17,241
69,0,18,241
70,0,18,234
71,0,18,230
72,0,19,226
73,0,21,225
74,0,22,228
75,0,21,218
76,0,23,215
77,0,23,217
78,0,23,206
79,0,24,202
80,0,25,200
81,0,27,203
82,0,27,193
83,0,27,194
84,0,28,187
85,0,25,192
86,0,25,184
87,0,25,187
88,0,25,181
89,0,25,185
90,0,27,179
91,0,25,180
92,0,27,182
93,0,28,177
94,0,28,174
95,0,29,178
96,0,29,173
97,0,30,174
98,0,30,166
99,0,30,167
100,0,29,173
101,0,29,166
102,0,31,166
103,0,32,161
104,0,33,160
105,0,31,165
106,0,30,164
107,0,29,167
108,0,33,172
109,0,32,172
110,0,33,167
111,0,35,163
112,0,35,166
113,0,35,156
114,0,35,156
115,0,35,161
116,0,34,163
117,0,35,153
118,0,36,160
119,0,38,157
120,0,39,152
121,0,42,144
122,0,36,149
123,0,37,140
124,0,34,156
125,0,34,158
126,0,34,154
127,0,34,160
128,0,30,149
129,0,31,149
130,0,31,149
131,0,33,152
132,0,33,156
133,0,35,166
134,0,38,166
135,0,34,169
136,0,34,163
137,0,35,166
138,0,32,167
139,0,35,170
140,0,34,161
141,0,33,163
142,0,32,170
143,0,34,173
144,0,30,163
145,0,30,166
146,0,31,178
147,0,29,184
148,0,29,184
149,0,29,176
150,0,30,192
151,0,30,195
152,0,30,186
153,0,30,179
154,0,28,187
155,0,29,182
156,0,29,181
157,0,31,178
158,0,31,191
159,0,28,183
160,0,27,189
161,0,25,187
162,0,27,181
163,0,27,183
164,0,25,181
165,0,25,174
166,0,27,184
167,0,30,184
168,0,32,184
169,0,32,188
170,0,32,186
171,0,32,179
172,0,33,176
173,0,33,177
174,0,35,164
175,0,35,168
176,0,35,161
177,0,33,153
178,0,34,149
179,0,34,146
180,0,35,136
181,0,34,136
182,0,34,130
183,0,37,137
184,0,36,143
185,0,36,131
186,0,37,127
187,0,39,131
188,0,41,139
189,0,42,136
190,0,42,130
191,0,46,114
192,0,47,105
193,0,48,102
194,0,53,104
195,0,51,108
196,0,54,98
197,0,54,98
198,0,52,100
199,0,50,96
200,0,48,99
201,0,48,99
