,Wolves,Sheep,Grass
0,10,50,193
1,10,52,188
2,12,55,171
3,13,54,157
4,15,55,147
5,19,54,135
6,24,57,125
7,28,55,119
8,36,50,115
9,44,45,113
10,54,44,114
11,54,43,108
12,59,39,106
13,52,36,108
14,42,32,107
15,51,31,106
16,49,26,102
17,42,25,102
18,44,21,103
19,44,18,99
20,45,18,103
21,45,15,109
22,42,13,117
23,44,12,118
24,49,12,123
25,49,12,128
26,51,11,132
27,46,11,137
28,37,11,143
29,39,10,143
30,30,11,150
31,26,11,161
32,23,10,182
33,22,9,180
34,18,9,218
35,17,10,215
36,14,9,243
37,15,9,249
38,14,9,255
39,16,8,252
40,19,8,260
41,19,6,269
42,12,6,286
43,8,6,285
44,8,7,288
45,13,7,286
46,15,7,294
47,20,7,292
48,14,7,293
49,16,7,292
50,7,7,295
51,5,7,295
52,6,7,300
53,4,7,296
54,5,7,302
55,5,7,303
56,5,7,308
57,2,7,309
58,2,7,305
59,0,8,305
60,0,8,306
61,0,6,304
62,0,6,309
63,0,6,307
64,0,6,304
65,0,6,306
66,0,6,308
67,0,7,311
68,0,7,310
69,0,7,309
70,0,7,304
71,0,8,308
72,0,9,305
73,0,9,304
74,0,9,303
75,0,9,303
76,0,9,297
77,0,8,298
78,0,8,296
79,0,8,298
80,0,8,297
81,0,9,297
82,0,10,295
83,0,11,294
84,0,12,288
85,0,13,280
86,0,13,280
87,0,13,276
88,0,13,270
89,0,14,271
90,0,14,267
91,0,14,264
92,0,13,259
93,0,13,259
94,0,13,258
95,0,13,252
96,0,14,247
97,0,14,245
98,0,15,250
99,0,15,249
100,0,15,248
101,0,15,241
102,0,17,237
103,0,17,233
104,0,19,230
105,0,20,232
106,0,22,227
107,0,23,225
108,0,23,217
109,0,23,216
110,0,23,209
111,0,26,209
112,0,27,200
113,0,25,200
114,0,25,201
115,0,26,199
116,0,29,201
117,0,30,189
118,0,30,195
119,0,29,187
120,0,30,190
121,0,32,186
122,0,31,179
123,0,32,180
124,0,36,177
125,0,36,171
126,0,38,162
127,0,36,168
128,0,35,155
129,0,35,152
130,0,35,145
131,0,36,134
132,0,38,134
133,0,40,138
134,0,40,127
135,0,38,133
136,0,39,127
137,0,41,133
138,0,42,127
139,0,43,135
140,0,45,124
141,0,45,123
142,0,44,133
143,0,47,121
144,0,47,114
145,0,49,120
146,0,44,111
147,0,40,129
148,0,40,128
149,0,41,128
150,0,43,133
151,0,44,129
152,0,43,125
153,0,43,112
154,0,44,113
155,0,47,121
156,0,44,116
157,0,45,108
158,0,45,106
159,0,46,110
160,0,44,114
161,0,43,130
162,0,42,122
163,0,46,124
164,0,45,125
165,0,46,112
166,0,48,113
167,0,48,114
168,0,51,112
169,0,50,114
170,0,49,112
171,0,53,114
172,0,48,110
173,0,46,116
174,0,42,106
175,0,41,114
176,0,41,114
177,0,41,114
178,0,39,106
179,0,35,106
180,0,35,114
181,0,36,109
182,0,38,114
183,0,39,117
184,0,37,128
185,0,38,128
186,0,39,147
187,0,38,148
188,0,37,139
189,0,37,139
190,0,37,141
191,0,37,148
192,0,35,150
193,0,36,155
194,0,36,145
195,0,34,156
196,0,34,148
197,0,35,150
198,0,36,155
199,0,37,152
200,0,39,163
201,0,40,152
202,0,40,164
203,0,40,160
204,0,41,157
205,0,39,148
206,0,38,157
207,0,37,152
208,0,36,150
209,0,34,143
210,0,33,146
211,0,29,151
212,0,30,141
213,0,29,139
214,0,29,140
215,0,29,134
216,0,28,135
217,0,29,147
218,0,29,141
219,0,31,144
220,0,28,144
221,0,25,153
222,0,26,151
223,0,26,146
224,0,25,158
225,0,25,149
226,0,26,165
227,0,26,163
228,0,28,166
229,0,27,161
230,0,26,178
231,0,28,173
232,0,29,174
233,0,30,180
234,0,29,169
235,0,29,184
236,0,27,185
237,0,26,185
238,0,25,180
239,0,26,197
240,0,27,195
241,0,27,193
242,0,24,197
243,0,25,195
244,0,26,198
245,0,26,195
246,0,27,196
247,0,25,185
248,0,24,188
249,0,26,184
250,0,26,184
251,0,26,184
252,0,26,185
253,0,26,183
254,0,26,175
255,0,26,183
256,0,26,180
257,0,28,172
258,0,30,174
259,0,33,173
260,0,33,167
261,0,34,167
262,0,35,157
263,0,34,156
264,0,34,166
265,0,35,155
266,0,35,162
267,0,36,158
268,0,35,150
269,0,37,144
270,0,39,136
271,0,41,135
272,0,39,137
273,0,39,130
274,0,38,130
275,0,36,138
276,0,36,135
277,0,38,135
278,0,37,133
279,0,38,137
280,0,39,132
281,0,40,120
282,0,42,117
283,0,41,120
284,0,42,110
285,0,42,110
286,0,45,120
287,0,41,109
288,0,39,111
289,0,36,122
290,0,37,119
291,0,39,110
292,0,39,120
293,0,40,108
294,0,37,120
295,0,37,126
296,0,39,126
297,0,35,121
298,0,33,120
299,0,33,120
300,0,31,124
301,0,35,119
302,0,33,121
303,0,33,122
304,0,34,136
305,0,38,126
306,0,37,127
307,0,38,128
308,0,39,129
309,0,39,135
310,0,36,133
311,0,34,144
312,0,35,135
313,0,37,143
314,0,36,135
315,0,32,132
316,0,32,137
317,0,30,134
318,0,30,145
319,0,29,139
320,0,28,146
321,0,27,143
322,0,27,132
323,0,27,146
324,0,30,141
325,0,32,144
326,0,36,136
327,0,37,138
328,0,40,130
329,0,39,135
330,0,39,141
331,0,37,152
332,0,35,151
333,0,35,155
334,0,37,150
335,0,36,142
336,0,37,149
337,0,34,150
338,0,33,153
339,0,33,146
340,0,35,136
341,0,36,132
342,0,38,146
343,0,39,139
344,0,34,154
345,0,33,148
346,0,35,159
347,0,36,152
348,0,37,145
349,0,35,140
350,0,32,146
351,0,33,135
352,0,32,139
353,0,32,152
354,0,28,144
355,0,30,151
356,0,30,145
357,0,31,152
358,0,30,146
359,0,31,155
360,0,31,154
361,0,32,145
362,0,32,150
363,0,31,157
364,0,31,149
365,0,30,163
366,0,32,156
367,0,30,156
368,0,31,161
369,0,31,163
370,0,34,162
371,0,36,153
372,0,39,158
373,0,40,161
374,0,40,160
375,0,41,157
376,0,39,149
377,0,39,141
378,0,37,143
379,0,41,142
380,0,42,144
381,0,43,139
382,0,44,143
383,0,43,143
384,0,46,141
385,0,43,142
386,0,43,128
387,0,41,125
388,0,41,122
389,0,40,117
390,0,41,125
391,0,41,129
392,0,42,123
393,0,40,122
394,0,38,133
395,0,40,124
396,0,36,116
397,0,34,119
398,0,37,131
399,0,36,120
400,0,36,123
401,0,39,139
402,0,39,137
403,0,42,134
404,0,46,127
405,0,43,125
406,0,42,119
407,0,41,112
408,0,43,121
409,0,42,126
410,0,41,125
411,0,41,128
412,0,40,117
413,0,36,114
414,0,37,118
415,0,35,128
416,0,36,140
417,0,37,131
418,0,39,139
419,0,39,134
420,0,41,125
421,0,39,127
422,0,37,124
423,0,38,132
424,0,39,124
425,0,36,118
426,0,36,122
427,0,36,121
428,0,36,117
429,0,36,124
430,0,37,119
431,0,34,121
432,0,34,115
433,0,33,134
434,0,34,126
435,0,34,142
436,0,30,134
437,0,29,148
438,0,27,148
439,0,26,141
440,0,24,152
441,0,23,156
442,0,22,162
443,0,23,166
444,0,23,160
445,0,25,173
446,0,26,168
447,0,27,169
448,0,25,169
449,0,24,183
450,0,25,187
451,0,23,183
452,0,25,193
453,0,25,188
454,0,24,193
455,0,22,186
456,0,22,195
457,0,22,198
458,0,24,191
459,0,25,190
460,0,25,198
461,0,25,193
462,0,26,202
463,0,28,196
464,0,29,192
465,0,31,194
466,0,29,197
467,0,28,192
468,0,27,194
469,0,27,201
470,0,28,197
471,0,27,209
472,0,25,199
473,0,24,203
474,0,23,200
475,0,22,195
476,0,22,194
477,0,23,195
478,0,24,188
479,0,25,202
480,0,26,195
481,0,28,186
482,0,27,184
483,0,27,174
484,0,29,168
485,0,29,169
486,0,30,166
487,0,31,174
488,0,30,169
489,0,28,162
490,0,29,163
491,0,30,158
492,0,34,153
493,0,37,147
494,0,40,148
495,0,41,152
496,0,43,153
497,0,45,146
498,0,43,140
499,0,44,131
500,0,40,131
501,0,41,119
502,0,41,129
503,0,43,128
504,0,42,117
505,0,45,121
506,0,47,117
507,0,46,113
508,0,45,113
509,0,44,110
510,0,43,106
511,0,38,122
512,0,38,113
513,0,36,117
514,0,37,119
515,0,38,122
516,0,40,130
517,0,43,125
518,0,43,112
519,0,42,115
520,0,42,108
521,0,44,110
522,0,44,118
523,0,45,106
524,0,41,107
525,0,39,113
526,0,39,103
527,0,36,115
528,0,37,110
529,0,39,105
530,0,40,114
531,0,37,120
532,0,36,130
533,0,34,134
534,0,29,124
535,0,28,129
536,0,29,141
537,0,29,136
538,0,31,137
539,0,31,134
540,0,31,142
541,0,31,137
542,0,33,139
543,0,33,132
544,0,34,134
545,0,33,122
546,0,34,123
547,0,32,124
548,0,33,140
549,0,31,143
550,0,31,133
551,0,33,136
552,0,31,147
553,0,32,141
554,0,33,151
555,0,36,152
556,0,36,166
557,0,38,157
558,0,41,144
559,0,39,149
560,0,39,136
561,0,38,137
562,0,41,135
563,0,40,127
564,0,41,121
565,0,43,114
566,0,42,109
567,0,41,115
568,0,40,113
569,0,41,119
570,0,43,112
571,0,43,119
572,0,37,111
573,0,38,127
574,0,36,120
575,0,35,133
576,0,35,133
577,0,35,138
578,0,32,133
579,0,31,136
580,0,30,137
581,0,29,142
582,0,27,147
583,0,26,159
584,0,27,156
585,0,27,159
586,0,29,158
587,0,26,154
588,0,24,180
589,0,25,173
590,0,27,191
591,0,28,185
592,0,30,186
593,0,31,188
594,0,32,195
595,0,31,199
596,0,29,199
597,0,29,203
598,0,29,195
599,0,27,192
600,0,25,198
601,0,27,201
602,0,28,203
603,0,26,196
604,0,26,202
605,0,28,200
606,0,26,198
607,0,27,187
608,0,26,178
609,0,27,177
610,0,28,177
611,0,28,167
612,0,29,167
613,0,29,161
614,0,31,154
615,0,32,156
616,0,34,150
617,0,33,151
618,0,32,149
619,0,32,158
620,0,32,158
621,0,33,154
622,0,34,149
623,0,32,147
624,0,33,153
625,0,34,158
626,0,36,151
627,0,38,164
628,0,34,151
629,0,28,152
630,0,28,156
631,0,28,158
632,0,27,156
633,0,27,160
634,0,27,155
635,0,24,157
636,0,27,158
637,0,26,165
638,0,25,170
639,0,26,166
640,0,25,165
641,0,28,166
642,0,28,165
643,0,29,167
644,0,31,166
645,0,31,158
646,0,32,153
647,0,32,156
648,0,33,148
649,0,34,151
650,0,38,139
651,0,39,139
652,0,40,142
653,0,42,149
654,0,44,141
655,0,43,143
656,0,44,145
657,0,43,144
658,0,43,128
659,0,39,134
660,0,38,132
661,0,38,142
662,0,36,130
663,0,40,132
664,0,39,123
665,0,39,130
666,0,37,129
667,0,40,133
668,0,39,127
669,0,41,139
670,0,41,129
671,0,42,127
672,0,42,139
673,0,43,129
674,0,41,131
675,0,41,129
676,0,36,127
677,0,38,143
678,0,38,141
679,0,39,138
680,0,40,133
681,0,40,135
682,0,38,144
683,0,39,134
684,0,40,147
685,0,38,141
686,0,35,136
687,0,35,133
688,0,32,134
689,0,33,147
690,0,35,145
691,0,37,137
692,0,42,147
693,0,42,141
694,0,43,129
695,0,46,133
696,0,47,130
697,0,43,121
698,0,41,117
699,0,40,117
700,0,37,121
701,0,39,112
702,0,40,126
703,0,40,118
704,0,40,119
705,0,40,127
706,0,40,120
707,0,40,128
708,0,43,131
709,0,40,122
710,0,38,125
711,0,39,128
712,0,37,118
713,0,37,125
714,0,37,117
715,0,30,124
716,0,28,127
717,0,27,124
718,0,25,129
719,0,25,134
720,0,27,133
721,0,26,136
722,0,27,133
723,0,27,138
724,0,28,156
725,0,26,160
726,0,24,152
727,0,24,164
728,0,25,167
729,0,25,166
730,0,26,163
731,0,27,156
732,0,27,165
733,0,28,158
734,0,28,159
735,0,28,169
736,0,28,163
737,0,28,172
738,0,30,169
739,0,31,158
740,0,33,168
741,0,34,160
742,0,35,171
743,0,34,170
744,0,30,173
745,0,30,167
746,0,31,158
747,0,31,162
748,0,31,161
749,0,33,149
750,0,33,156
751,0,34,158
752,0,35,146
753,0,34,149
754,0,34,157
755,0,34,157
756,0,34,146
757,0,31,152
758,0,29,152
759,0,30,144
760,0,32,142
761,0,32,147
762,0,29,153
763,0,29,153
764,0,28,147
765,0,27,146
766,0,27,152
767,0,26,145
768,0,27,157
769,0,27,151
770,0,26,158
771,0,25,163
772,0,25,157
773,0,23,161
774,0,23,171
775,0,21,175
776,0,22,180
777,0,22,179
778,0,23,175
779,0,25,183
780,0,23,188
781,0,25,195
782,0,25,199
783,0,27,192
784,0,27,190
785,0,27,187
786,0,26,194
787,0,29,185
788,0,29,194
789,0,28,195
790,0,29,187
791,0,30,187
792,0,31,195
793,0,31,194
794,0,33,189
795,0,33,182
796,0,35,180
797,0,37,173
798,0,38,167
799,0,38,166
800,0,40,155
801,0,39,159
802,0,41,148
803,0,42,146
804,0,42,143
805,0,40,133
806,0,38,134
807,0,42,127
808,0,41,118
809,0,39,119
810,0,41,107
811,0,41,101
812,0,41,109
813,0,37,112
814,0,41,114
815,0,41,107
816,0,42,115
817,0,44,124
818,0,45,123
819,0,47,115
820,0,46,114
821,0,47,115
822,0,44,121
823,0,44,112
824,0,39,122
825,0,40,117
826,0,39,119
827,0,38,108
828,0,31,122
829,0,33,114
830,0,33,119
831,0,33,129
832,0,31,121
833,0,32,131
834,0,28,127
835,0,30,135
836,0,30,143
837,0,30,146
838,0,29,138
839,0,27,142
840,0,29,141
841,0,29,149
842,0,27,165
843,0,25,163
844,0,25,162
845,0,25,158
846,0,26,158
847,0,26,154
848,0,31,152
849,0,31,163
850,0,29,155
851,0,30,163
852,0,29,154
853,0,32,157
854,0,30,158
855,0,30,160
856,0,26,175
857,0,24,170
858,0,25,185
859,0,25,172
860,0,26,180
861,0,28,171
862,0,28,180
863,0,29,167
864,0,31,175
865,0,35,168
866,0,35,160
867,0,35,169
868,0,34,158
869,0,35,158
870,0,36,161
871,0,36,157
872,0,36,150
873,0,37,141
874,0,36,138
875,0,37,134
876,0,39,133
877,0,40,128
878,0,43,118
879,0,45,119
880,0,44,117
881,0,44,125
882,0,47,124
883,0,44,114
884,0,43,120
885,0,43,111
886,0,46,110
887,0,46,97
888,0,47,88
889,0,46,94
890,0,49,95
891,0,48,95
892,0,50,87
893,0,45,102
894,0,44,96
895,0,41,87
896,0,42,98
897,0,39,100
898,0,37,107
899,0,40,104
900,0,42,106
901,0,44,106
902,0,44,112
903,0,43,114
904,0,43,115
905,0,37,122
906,0,36,113
907,0,37,118
908,0,34,127
909,0,34,116
910,0,34,130
911,0,38,133
912,0,33,132
913,0,33,123
914,0,33,130
915,0,37,135
916,0,38,131
917,0,34,134
918,0,34,134
919,0,34,138
920,0,31,154
921,0,33,154
922,0,34,146
923,0,37,147
924,0,39,146
925,0,41,148
926,0,38,149
927,0,38,156
928,0,37,144
929,0,36,143
930,0,35,144
931,0,35,135
932,0,38,138
933,0,41,153
934,0,42,144
935,0,42,142
936,0,36,150
937,0,36,144
938,0,36,142
939,0,35,145
940,0,35,151
941,0,33,144
942,0,31,137
943,0,29,150
944,0,30,147
945,0,30,142
946,0,30,144
947,0,28,152
948,0,27,156
949,0,24,165
950,0,25,179
951,0,25,179
952,0,27,174
953,0,26,183
954,0,24,189
955,0,22,184
956,0,20,190
957,0,22,195
958,0,22,201
959,0,20,195
960,0,20,199
961,0,21,199
962,0,20,200
963,0,21,197
964,0,22,199
965,0,22,193
966,0,24,195
967,0,25,199
968,0,25,201
969,0,26,212
970,0,24,206
971,0,25,205
972,0,27,204
973,0,29,206
974,0,29,206
975,0,31,202
976,0,32,191
977,0,32,188
978,0,33,187
979,0,34,182
980,0,34,175
981,0,34,165
982,0,32,170
983,0,29,167
984,0,31,165
985,0,31,159
986,0,26,156
987,0,28,166
988,0,28,166
989,0,28,163
990,0,28,157
991,0,28,163
992,0,28,166
993,0,27,165
994,0,27,166
995,0,28,172
996,0,28,175
997,0,29,170
998,0,30,170
999,0,30,170
1000,0,29,164
1001,0,29,164
