,Wolves,Sheep,Grass
0,10,10,208
1,11,11,212
2,12,10,219
3,14,10,219
4,15,11,219
5,15,11,215
6,21,11,218
7,24,10,216
8,31,10,217
9,35,10,224
10,39,8,235
11,45,8,239
12,42,8,242
13,41,8,241
14,40,8,242
15,34,6,241
16,27,5,248
17,29,5,257
18,26,5,256
19,21,5,261
20,23,5,268
21,22,5,273
22,20,7,280
23,16,8,279
24,6,8,278
25,5,8,286
26,6,9,290
27,6,8,294
28,6,8,296
29,5,9,299
30,4,8,301
31,3,9,298
32,5,9,303
33,5,10,308
34,3,10,305
35,3,10,310
36,0,11,307
37,0,11,300
38,0,12,298
39,0,13,297
40,0,12,292
41,0,12,289
42,0,12,294
43,0,13,293
44,0,14,290
45,0,14,282
46,0,16,281
47,0,17,271
48,0,20,267
49,0,20,261
50,0,21,256
51,0,21,255
52,0,21,246
53,0,23,241
54,0,23,239
55,0,25,233
56,0,24,228
57,0,25,218
58,0,28,213
59,0,27,209
60,0,27,203
61,0,28,199
62,0,30,189
63,0,26,189
64,0,26,184
65,0,25,178
66,0,26,171
67,0,25,173
68,0,27,168
69,0,30,174
70,0,30,165
71,0,31,162
72,0,31,160
73,0,33,152
74,0,35,157
75,0,37,147
76,0,38,153
77,0,37,156
78,0,37,153
79,0,38,150
80,0,37,141
81,0,37,145
82,0,37,143
83,0,38,145
84,0,37,135
85,0,36,134
86,0,37,129
87,0,38,129
88,0,37,130
89,0,40,130
90,0,42,130
91,0,42,129
92,0,41,126
93,0,38,131
94,0,35,130
95,0,37,122
96,0,41,132
97,0,41,123
98,0,40,131
99,0,41,128
100,0,40,116
101,0,43,127
102,0,45,123
103,0,47,123
104,0,46,110
105,0,42,122
106,0,43,117
107,0,40,125
108,0,40,125
109,0,39,117
110,0,40,122
111,0,33,127
112,0,33,137
113,0,31,136
114,0,30,129
115,0,30,137
116,0,26,145
117,0,26,133
118,0,26,137
119,0,30,140
120,0,30,143
121,0,31,151
122,0,32,145
123,0,25,149
124,0,25,158
125,0,25,161
126,0,24,166
127,0,24,160
128,0,26,168
129,0,26,170
130,0,26,177
131,0,24,174
132,0,24,186
133,0,23,178
134,0,22,178
135,0,22,183
136,0,22,181
137,0,23,178
138,0,23,189
139,0,23,185
140,0,23,183
141,0,22,179
142,0,22,168
143,0,23,174
144,0,25,175
145,0,24,167
146,0,25,169
147,0,25,165
148,0,25,171
149,0,26,168
150,0,26,171
151,0,26,165
152,0,26,169
153,0,29,175
154,0,30,165
155,0,29,160
156,0,29,164
157,0,29,164
158,0,29,158
159,0,30,156
160,0,32,155
161,0,32,153
162,0,31,143
163,0,31,149
164,0,30,148
165,0,31,139
166,0,32,141
167,0,33,143
168,0,34,152
169,0,35,144
170,0,34,149
171,0,33,152
172,0,34,153
173,0,33,158
174,0,35,155
175,0,38,151
176,0,38,152
177,0,39,159
178,0,39,158
179,0,42,149
180,0,40,149
181,0,38,150
182,0,38,152
183,0,38,152
184,0,38,144
185,0,37,143
186,0,38,150
187,0,42,136
188,0,42,133
189,0,43,141
190,0,46,128
191,0,46,134
192,0,48,134
193,0,47,135
194,0,45,126
195,0,43,137
196,0,43,132
197,0,44,129
198,0,44,121
199,0,44,121
200,0,45,129
201,0,45,129
