,Wolves,Sheep,Grass
0,10,10,202
1,12,12,203
2,13,13,206
3,15,13,204
4,20,11,203
5,25,12,207
6,29,11,208
7,29,11,211
8,34,10,217
9,41,13,226
10,50,11,228
11,42,11,229
12,44,10,235
13,38,10,235
14,26,10,237
15,25,9,241
16,21,9,243
17,23,9,247
18,25,10,247
19,31,11,252
20,22,11,254
21,17,11,256
22,17,10,256
23,15,10,258
24,16,11,258
25,17,11,257
26,18,11,264
27,12,11,262
28,11,13,259
29,11,11,255
30,9,10,259
31,7,10,258
32,6,10,253
33,5,8,258
34,5,8,268
35,3,8,263
36,3,8,263
37,3,8,266
38,5,8,266
39,5,8,268
40,5,8,264
41,5,8,269
42,5,9,267
43,5,10,269
44,5,10,271
45,5,9,270
46,7,9,270
47,6,9,269
48,8,9,265
49,10,9,269
50,12,9,268
51,11,9,265
52,10,9,267
53,8,9,264
54,6,9,264
55,7,11,271
56,1,11,269
57,1,12,271
58,1,12,271
59,1,13,272
60,1,14,277
61,1,14,274
62,1,14,277
63,1,14,279
64,0,14,274
65,0,14,272
66,0,14,269
67,0,14,267
68,0,14,263
69,0,14,265
70,0,16,262
71,0,17,256
72,0,18,250
73,0,19,246
74,0,19,244
75,0,20,245
76,0,20,235
77,0,20,233
78,0,20,234
79,0,20,230
80,0,21,229
81,0,19,222
82,0,22,228
83,0,24,222
84,0,24,217
85,0,25,209
86,0,29,206
87,0,29,201
88,0,30,194
89,0,30,190
90,0,30,189
91,0,35,182
92,0,38,174
93,0,39,171
94,0,38,169
95,0,36,159
96,0,33,155
97,0,35,150
98,0,35,148
99,0,33,147
100,0,34,151
101,0,32,147
102,0,34,143
103,0,35,146
104,0,38,143
105,0,38,140
106,0,37,127
107,0,36,132
108,0,37,123
109,0,37,129
110,0,38,129
111,0,38,119
112,0,37,116
113,0,38,108
114,0,39,101
115,0,41,112
116,0,42,107
117,0,41,112
118,0,44,115
119,0,44,117
120,0,45,112
121,0,41,117
122,0,42,118
123,0,41,128
124,0,41,131
125,0,43,121
126,0,45,121
127,0,46,118
128,0,46,122
129,0,45,123
130,0,46,123
131,0,42,129
132,0,41,115
133,0,42,112
134,0,44,117
135,0,45,108
136,0,49,125
137,0,45,127
138,0,46,118
139,0,45,124
140,0,48,126
141,0,48,114
142,0,52,128
143,0,49,117
144,0,51,120
145,0,50,120
146,0,50,119
147,0,47,120
148,0,47,111
149,0,47,117
150,0,46,106
151,0,47,97
152,0,48,100
153,0,48,93
154,0,48,100
155,0,45,103
156,0,43,96
157,0,43,94
158,0,42,106
159,0,42,103
160,0,42,104
161,0,40,101
162,0,37,110
163,0,36,125
164,0,36,129
165,0,36,132
166,0,34,135
167,0,30,134
168,0,31,128
169,0,30,129
170,0,31,129
171,0,30,130
172,0,29,142
173,0,27,151
174,0,27,144
175,0,28,147
176,0,25,145
177,0,24,162
178,0,24,167
179,0,25,173
180,0,24,168
181,0,22,189
182,0,22,185
183,0,21,185
184,0,21,187
185,0,21,188
186,0,23,181
187,0,25,180
188,0,25,189
189,0,25,187
190,0,27,190
191,0,29,193
192,0,30,191
193,0,29,186
194,0,30,188
195,0,29,178
196,0,31,174
197,0,32,172
198,0,34,179
199,0,36,171
200,0,36,181
201,0,36,181
